t_s,center_heave_m,center_heave_acc_mps2,buoy1_heave_m,buoy1_heave_acc_mps2
41.410000000000004,-0.02850334654787671,0.21120547525207922,-0.03749652835568477,0.2870385621782997
41.42,-0.027971237670719865,0.2072410432264703,-0.0373159334272987,0.2865361359577727
41.43,-0.02741845104491829,0.20309751218988753,-0.0371067004054308,0.2857296276369217
41.44,-0.026845402438122914,0.19877998400059957,-0.03686891335453889,0.2846194888932174
41.45,-0.026252524965857862,0.19429376208016838,-0.03660268667524298,0.2832068177147389
41.46,-0.025640268561273327,0.1896443126676821,-0.03630816498972054,0.28149327653288764
41.47,-0.025009099427859977,0.18483726322775282,-0.03598552296801937,0.2794811255572493
41.480000000000004,-0.024359499476606195,0.17987838184154092,-0.03563496509612481,0.27717319473940066
41.49,-0.02369196574899919,0.17477356576945038,-0.03525672538653929,0.2745728827382267
41.5,-0.023007009827335317,0.16952882518422688,-0.03485106703253983,0.2716841388030388
41.51,-0.022305157233807254,0.1641502691747575,-0.03441828200742956,0.26851144975212166
41.52,-0.021586946819838287,0.15864409056672585,-0.03395869061036776,0.2650598211149254
41.53,-0.020852930147142994,0.15301655138464865,-0.03347264096055411,0.26133475808628065
41.54,-0.020103670861980703,0.14727396813796526,-0.03296050844175551,0.2573422436710602
41.550000000000004,-0.01933974406405874,0.14142269743367267,-0.03242269509934477,0.2530887155523928
41.56,-0.01856173567152409,0.135469121754999,-0.03185962899219517,0.24858104115553767
41.57,-0.017770241783456858,0.12941963557430974,-0.031271763501928264,0.2438264914243172
41.58,-0.016965868041249714,0.12328063180017199,-0.03065957660215188,0.23883271331601072
41.59,-0.01614922899022023,0.11705848863863844,-0.030023570090444103,0.23360770128488326
41.6,-0.015320947442762963,0.11075955690410277,-0.029364268785942182,0.22815976789837325
41.61,-0.014481653844305302,0.10439014783234354,-0.02868221969547705,0.22249751379629068
41.62,-0.013631985643273559,0.09795652143446038,-0.027977991151259807,0.2166297971707477
41.63,-0.01277258666623259,0.09146487543163077,-0.027252171923170438,0.21056570295878435
41.64,-0.01190410649928945,0.08492133480395728,-0.026505370308728026,0.20431451192793634
41.65,-0.011027199876806,0.07833194198398452,-0.025738213203827978,0.19788566983387793
41.660000000000004,-0.01014252607838786,0.0717026477201386,-0.02495134515732505,0.19128875682067942
41.67,-0.00925074833505669,0.06503930263177041,-0.02414542741251341,0.18453345722732026
41.68,-0.008352533245444469,0.058347649472324334,-0.02332113693851377,0.17762952995458642
41.69,-0.007448550202771394,0.05163331611332494,-0.022479165454519615,0.17058677953667262
41.7,-0.006539470833304308,0.04490180925688832,-0.02162021844978322,0.16341502805083005
41.71,-0.005625968446918437,0.03815850888043915,-0.020745014202136446,0.1561240879868932
41.72,-0.004708717500303702,0.031408663412847315,-0.019854282797745926,0.14872373618639928
41.730000000000004,-0.0037883930733010576,0.024657385637022643,-0.018948765154691984,0.14122368894862578
41.74,-0.0028656703587624727,0.01790964931006827,-0.0180292120528462,0.13363357838817616
41.75,-0.0019412241662727847,0.011170286488253182,-0.017096383172393956,0.12596293011605542
41.76,-0.0010157284399917998,0.004443985540524189,-0.016151046143217884,0.11822114230353915
41.77,-8.985579081086758e-05,-0.0022647101689893014,-0.015193975607218127,0.11041746617568618
41.78,0.0008357229570498646,-0.008951402952146236,-0.01422595229550282,0.10256098796926799
41.79,0.0017603392049384534,-0.015611840846725148,-0.01324776212223549,0.09466061237809364
41.800000000000004,0.0026833270041679426,-0.0222419170730163,-0.0122601952967781,0.08672504749763789
41.81,0.0036040234659617757,-0.028837668926648415,-0.011264045455617308,0.07876279127014657
41.82,0.004521769157069665,-0.0353952761400543,-0.01026010881541369,0.07078211942150961
41.83,0.0054359084812141325,-0.041911058768995396,-0.009249183348361702,0.06279107491163952
41.84,0.006345790046581492,-0.04838147476204135,-0.008232067980895,0.05479745903033568
41.85,0.007250767019519308,-0.05480311980635309,-0.007209561816551278,0.04680882598884922
41.86,0.008150197464684546,-0.06117272125894737,-0.0061824633836815145,0.03883247508365843
41.87,0.009043444671979834,-0.06748713694336252,-0.005151569908761754,0.030875442132054495
41.88,0.009929877470395407,-0.07374335664327611,-0.004117676615891408,0.02294449921292094
41.89,0.010808870528672186,-0.07993850341944703,-0.003081576052838973,0.015046148898101684
41.9,0.011679804642539567,-0.08606983825959477,-0.0020440574440312846,0.007186620789464267
41.910000000000004,0.012542067007430744,-0.09213478731034493,-0.0010059060709508732,-0.0006281343035672553
41.92,0.013395051473226846,-0.09813100700213008,3.2097319181140205e-05,-0.008392461233999261
41.93,0.014238158771934519,-0.1040565572517687,0.0010691770741109651,-0.016101045110893396
41.94,0.015070796703723481,-0.10991005559364213,0.002104563162832789,-0.023748952537452486
41.95,0.0158923803025022,-0.11568963511146663,0.003137491673102448,-0.03133135352048296
41.96,0.016702332027430437,-0.12139301073469794,0.004167205292359238,-0.03884354564576885
41.97,0.01750008198067933,-0.1270180275046546,0.005192953771588621,-0.04628110900875574
41.980000000000004,0.018285068119465016,-0.13256277552407392,0.006213994360603616,-0.05364001621958731
41.99,0.01905673645101,-0.13802542318387184,0.007229592209244185,-0.06091653532001475
42.0,0.019814541221488024,-0.1434040526263482,0.00823902074069965,-0.06810711364349858
42.01,0.02055794510845158,-0.14869672148079172,0.00924156200419353,-0.0752083913179778
42.02,0.02128641941728311,-0.1539014509482307,0.01023650700972388,-0.0822171668449988
42.03,0.021999444279435697,-0.15901627747134106,0.011223156044460583,-0.08913045645191466
42.04,0.022696508851477705,-0.16403920912539105,0.01220081897111921,-0.0959454108409816
42.050000000000004,0.023377111514646897,-0.1689682717453306,0.013168815508817495,-0.10265939401650531
42.06,0.024040760074479268,-0.1738014768059345,0.014126475496791724,-0.10926989824465226
42.07,0.024686971960607273,-0.17853684010065207,0.015073139141972926,-0.11577459727064329
42.08,0.025315274426242488,-0.18317238785473894,0.016008157249776844,-0.12217133656650542
42.09,0.025925204747580588,-0.18770612716411975,0.016930891440041118,-0.1284580522311018
42.1,0.026516310423399116,-0.19213608057297765,0.01784071434920532,-0.134632871487245
42.11,0.027088149374035222,-0.19646027577331232,0.018737009816779223,-0.1406940671454889
42.12,0.027640290139966304,-0.20067673238391875,0.019619173058231052,-0.14663999713614045
42.13,0.028172312080551185,-0.2047834720632651,0.020486610827170796,-0.15246913715361152
42.14,0.028683805572396966,-0.20877852774558886,0.021338741565330173,-0.1581801157084377
42.15,0.029174372206834626,-0.2126599390199981,0.022174995539146317,-0.16377167585407745
42.160000000000004,0.029643624986707376,-0.21642574660459385,0.02299481496555297,-0.16924262966657697
42.17,0.030091188522671293,-0.22007399827347746,0.02379765412929238,-0.1745918805182107
42.18,0.030516699228711457,-0.22360275239059946,0.02458297949142027,-0.17981842719282864
42.19,0.030919805516516272,-0.22701007996143563,0.025350269788319776,-0.18492136523301636
42.2,0.03130016798842845,-0.23029406781400363,0.026099016121051276,-0.1898998878193742
42.21,0.03165745962885159,-0.23345281602402052,0.026828722036533578,-0.1947532350664727
42.22,0.031991365994090866,-0.23648444119633033,0.027538903602675354,-0.19948070584437
42.230000000000004,0.032301585400398736,-0.2393870804421459,0.02822908947754792,-0.20408166830848654
42.24,0.0325878291099204,-0.242158892667519,0.028898820972272022,-0.2085555461431278
42.25,0.03284982151698203,-0.24479797470637965,0.029547652107906996,-0.21290182448942258
42.26,0.03308730047842853,-0.24729783890243898,0.030175149655525528,-0.21712039968690153
42.27,0.03330001820277372,-0.2496412649146556,0.03078089312745838,-0.22121205313080394
42.28,0.033487742905203774,-0.2518063239712567,0.03136447470433514,-0.22517796726235684
42.29,0.033650260859090494,-0.2537726402757374,0.03192549912775108,-0.2290192304230442
42.300000000000004,0.03378737835685327,-0.25552329934300966,0.032463583597163864,-0.23273668833915948
42.31,0.03389892325773009,-0.25704823429863155,0.03297835769621719,-0.23633068228380874
42.32,0.03398474590736142,-0.2583445568453466,0.03346946336511471,-0.2398010243067581
42.33,0.03404471950543115,-0.2594113919503864,0.03393655491305477,-0.24314739828030005
42.34,0.03407874023067289,-0.2602479090323072,0.03437929904670914,-0.24636951217448236
42.35,0.03408672730867764,-0.2608537694395342,0.03479737490044395,-0.24946706114314884
42.36,0.03406862304621594,-0.2612289017262002,0.03519047406663394,-0.25243974259383184
42.37,0.03402439283095941,-0.2613736114805638,0.03555830062638693,-0.25528724537217184
42.38,0.033954025097435434,-0.2612885221470008,0.03590057118084229,-0.25800925212918874
42.39,0.033857531259251436,-0.2609745986777424,0.03621701488326239,-0.26060543531470043
42.4,0.033734945608184935,-0.2604331281208667,0.03650737347208693,-0.26307545656441844
42.410000000000004,0.03358632518062661,-0.2596657201572182,0.03677140130512361,-0.26541896457936404
42.42,0.03341174959206742,-0.2586742961318968,0.03700886539502902,-0.26763559393515746
42.43,0.03321132084037854,-0.2574610823830457,0.037219545446224904,-0.26972496358722753
42.44,0.03298516307874504,-0.2560286000392563,0.03740323389338396,-0.2716866756757533
42.45,0.03273342235919538,-0.2543796552860426,0.03755973594161028,-0.2735203143149549
42.46,0.03245626634775646,-0.25251732818888556,0.03768886960843073,-0.2752254445122223
42.47,0.03215388401234313,-0.2504449611247803,0.03779046576770543,-0.27680161113253976
42.480000000000004,0.03182648528573945,-0.24816610815099743,0.03786436819928148,-0.2782482173384976
42.49,0.031474300748587675,-0.2456831682762794,0.03791043378219138,-0.27956025496049075
42.5,0.031097581454444932,-0.24299565048313754,0.03792853321207171,-0.2807228797058992
42.51,0.03069659898031495,-0.24010112228544622,0.0379185525012484,-0.2817144496631165
42.52,0.030271645656540128,-0.2369962963908519,0.037880395111537075,-0.2825099939845287
42.53,0.029823034888512057,-0.23367752088261617,0.03781398443949217,-0.2830827990776708
42.54,0.02935110150387661,-0.23014144764801392,0.03771926644094864,-0.28340655710822665
42.550000000000004,0.028856202055898138,-0.22638589618551377,0.03759621217193726,-0.28345813578668627
42.56,0.02833871496258315,-0.2224119445828941,0.03744481986124775,-0.2832242368256302
42.57,0.027799040349599718,-0.21822430788040442,0.03726511609231311,-0.2827026530545917
42.58,0.02723759961968833,-0.2138286599102761,0.03705715616053293,-0.28189385334338235
42.59,0.026654834899682654,-0.20923078001822137,0.036821024078699804,-0.280798327849986
42.6,0.026051208453657684,-0.20443676391021426,0.03655683250587666,-0.27941730003491616
42.61,0.02542720207260806,-0.19945289536347657,0.03626472262815907,-0.2777523652164164
42.62,0.02478331644156636,-0.19428568712198416,0.03594486398976877,-0.27580566354229313
42.63,0.024120070486041603,-0.18894183681141213,0.035597454276066,-0.2735797831053104
42.64,0.023438000699204542,-0.18342822505092898,0.03522271904875345,-0.2710777954377956
42.65,0.02273766045150863,-0.17775189224321025,0.03482091143445604,-0.26830322232932213
42.660000000000004,0.02201961928431727,-0.17192002588902675,0.0343923117676523,-0.2652600346044776
42.67,0.02128446218918478,-0.16593994257590608,0.033937227189274,-0.2619526326482165
42.68,0.02053278887440777,-0.1598190726460104,0.033455991202345,-0.2583858339147352
42.69,0.019765213020466275,-0.15356494361277584,0.0329489631862166,-0.25456485493862285
42.7,0.018982361525976484,-0.14718516436567883,0.03241652787106117,-0.250495294239741
42.71,0.018184873745745796,-0.14068740921266382,0.031859094774418055,-0.24618311308503124
42.72,0.017373400722519843,-0.13407940230410123,0.03127709760168678,-0.24163461579358742
42.730000000000004,0.016548604413980587,-0.12736890223119818,0.030670993612562505,-0.2368564289158869
42.74,0.015711156916526164,-0.12056368696510225,0.030041262955493014,-0.23185547980104518
42.75,0.014861739687342257,-0.11367153911290515,0.02938840797230851,-0.22663897447770295
42.76,0.01400104276622719,-0.10670023155856376,0.0287129524752379,-0.22121437507016709
42.77,0.013129763998609767,-0.09965751350752827,0.028015440998571676,-0.21558937682359708
42.78,0.012248608261144227,-0.09255109697454222,0.027296438027269224,-0.20977188488471865
42.79,0.011358286691229251,-0.08538864374021356,0.02655652720483182,-0.2037699909454597
42.800000000000004,0.010459515921750808,-0.07817775280471878,0.0257963105227741,-0.19759194987240927
42.81,0.009553017322294197,-0.07092594836169056,0.025016407494028305,-0.19124615643191148
42.82,0.008639516248022987,-0.06364066831376763,0.024217454312603894,-0.18474112222065928
42.83,0.007719741297365083,-0.05632925334801604,0.023400103001804215,-0.17808545290409572
42.84,0.006794423579589852,-0.048998936586827066,0.022565020553269772,-0.1712878258602343
42.85,0.005864295993305867,-0.04165683382707626,0.021712888059076528,-0.16435696831958047
42.86,0.004930092516843345,-0.034309934377724435,0.020844399839067138,-0.15730163608532294
42.87,0.003992547511432973,-0.02696509250328899,0.01996026256553428,-0.1501305929106917
42.88,0.003052395038026619,-0.01962901947816146,0.01906119438730894,-0.14285259060305866
42.89,0.002110368188544875,-0.012308276254072294,0.018147924055233435,-0.13547634991673566
42.9,0.0011671984322783582,-0.005009266740843732,0.017221190050919478,-0.12801054228876654
42.910000000000004,0.00022361497810362432,0.002261768301993261,0.016281739720607178,-0.120463772464319
42.92,-0.0007196558468829603,0.009498756767263444,0.0153303284158514,-0.11284456205063975
42.93,-0.0016618912017715396,0.016695800102520083,0.014367718642668887,-0.10516133403100193
42.94,-0.0026023723188064326,0.023847177621544712,0.01339467922068394,-0.09742239826277291
42.95,-0.0035403850724874445,0.030947350235501943,0.012411984453711012,-0.08963593797661959
42.96,-0.004475220530448442,0.037990963616251996,0.011420413313113937,-0.08180999728709754
42.97,-0.005406175485795817,0.04497285080585634,0.010420748635178766,-0.07395246971840368
42.980000000000004,-0.0063325529706621244,0.05188803428785359,0.009413776333637342,-0.06607108774301773
42.99,-0.007253662750771878,0.05873172753727493,0.008400284628376905,-0.058173413325260145
43.0,-0.008168821800874228,0.06549933606758646,0.007381063291270778,-0.050266829456404205
43.01,-0.009077354760944296,0.07218645799273764,0.006356902909966801,-0.042358532661174245
43.02,-0.009978594373109028,0.07878888401781466,0.005328594170373334,-0.03445552644205366
43.03,-0.010871881899381817,0.08530259444410986,0.004296927158477154,-0.02656461602168782
43.04,-0.011756567520427683,0.0917237567861659,0.0032626906820053944,-0.018692404367971878
43.050000000000004,-0.012632010715686134,0.09804872097019184,0.002226671612310298,-0.010845289656645177
43.06,-0.013497580625452045,0.10427400944705018,0.001189654246704903,-0.0030294645081867864
43.07,-0.014352656396328198,0.1103962903437635,0.00015241969118415884,0.0047490790323316216
43.08,-0.015196627513638875,0.11641231063955274,-0.0008842547372388884,0.012484532009875152
43.09,-0.016028894130874993,0.12231869366076945,-0.0019195960913453954,0.020171210252302004
43.1,-0.01684886741846313,0.12811158311187082,-0.002952836364016204,0.027803453441690613
43.11,-0.017655969917505877,0.13378780486087194,-0.003983213042982946,0.03537598785435938
43.12,-0.018449635842788418,0.1393450401120942,-0.005009969633017262,0.04288396147861735
43.13,-0.01922931132458744,0.14478114682517804,-0.006032356143325596,0.05032272736379239
43.14,-0.01999445462483728,0.15009398416907865,-0.007049629554115893,0.057687715166041806
43.15,-0.02074453634636172,0.15528152084239494,-0.00806105427150126,0.06497447860475143
43.160000000000004,-0.021479039627573835,0.16034201956418243,-0.00906590256690735,0.072178826009655
43.17,-0.022197460312923554,0.1652739881575356,-0.010063454993872971,0.07929681131256354
43.18,-0.022899307099154446,0.17007613847308517,-0.011053000781362166,0.0863246933968276
43.19,-0.023584101659612625,0.174747411328099,-0.012033838203987943,0.09325899387216391
43.2,-0.024251378748111424,0.17928691438908745,-0.013005274929596078,0.10009641611046716
43.21,-0.024900686284117648,0.18369394868237054,-0.01396662834512354,0.10683390815591769
43.22,-0.02553158542056906,0.18796796369598046,-0.01491722586188072,0.11346857663314015
43.230000000000004,-0.026143650595463953,0.19210857550253913,-0.01585640520087905,0.11999776406900321
43.24,-0.026736469567896687,0.19611554479166782,-0.0167835146580526,0.12641898517790412
43.25,-0.0273096434400565,0.19998875135458888,-0.017697913351872995,0.13272989832607252
43.26,-0.02786278666606514,0.2037282210107619,-0.01859897145307476,0.13892840107891305
43.27,-0.02839552704799485,0.2073340874064718,-0.019486070395593243,0.1450125247508154
43.28,-0.028907505720792512,0.210806580419374,-0.02035860307264528,0.1509804145781282
43.29,-0.029398377127125733,0.21414603648487485,-0.021215974018325822,0.15683041678492998
43.300000000000004,-0.02986780898235595,0.21735288263646607,-0.022057599572130694,0.16256103593774066
43.31,-0.030315482230767077,0.22042761865567764,-0.0228829080285204,0.16817087898605765
43.32,-0.030741090994495842,0.22337080952137714,-0.023691339775223818,0.17365865214533577
43.33,-0.0311443425159587,0.22618308337435084,-0.024482347419748217,0.17902321893933146
43.34,-0.031524957094338675,0.22886512096660871,-0.025255395902160034,0.18426357213720085
43.35,-0.03188266801706878,0.23141764311751672,-0.026009962595433835,0.18937879953329634
43.36,-0.032217221487379745,0.23384140328754202,-0.026745537395801072,0.19436807782545207
43.37,-0.03252837654884329,0.2361371775726315,-0.027461622804830856,0.19923064812313024
43.38,-0.03281590500775738,0.2383057583206068,-0.02815773400304624,0.2039658653835196
43.39,-0.03307959135411718,0.24034794594595424,-0.028833398913866597,0.2085731742870223
43.4,-0.033319232681965856,0.2422645400659053,-0.02948815825891287,0.21305208268998663
43.410000000000004,-0.033534638624670286,0.24405585549440018,-0.030121565605202412,0.21740220240824468
43.42,-0.03372563154191887,0.2457148298513253,-0.030733187386564335,0.22162377346864706
43.43,-0.03389204739802094,0.24722411773811248,-0.03132260286575544,0.2257178853527724
43.44,-0.03403373737555662,0.24856372374548813,-0.031889404034647205,0.22968587272417085
43.45,-0.034150569763052106,0.2497155980429438,-0.032433195489349094,0.2335289460970711
43.46,-0.034242431669952056,0.25066587404228236,-0.032953594316081705,0.2372480089721569
43.47,-0.03430923025434932,0.25140853762776283,-0.033450230013105355,0.24084336696679032
43.480000000000004,-0.03435089329621699,0.25194354169040506,-0.03392274446217509,0.24431487394105908
43.49,-0.03436736929063745,0.2522718194709279,-0.03437079193607639,0.24766232013630318
43.5,-0.03435862737236091,0.25239438274357007,-0.03479403911812283,0.2508854990391063
43.51,-0.0343246572062254,0.25231259802503314,-0.03519216512344637,0.2539841814066401
43.52,-0.03426546885207191,0.252028041907171,-0.03556486152182994,0.25695812213520214
43.53,-0.03418109260385323,0.2515425655658684,-0.035911832362538726,0.25980705111387364
43.54,-0.034071578803877525,0.2508582533536816,-0.0362327942014879,0.2625306725445854
43.550000000000004,-0.03393699763264174,0.24997743305402592,-0.036527476131098226,0.2651286604817099
43.56,-0.03377743887507706,0.24890265903685282,-0.03679561981313968,0.26760065671235245
43.57,-0.0335930116639773,0.24763670773845553,-0.037036979514843436,0.2699462679101781
43.58,-0.033383844201521684,0.24618256580697293,-0.03725132214852855,0.2721650635889821
43.59,-0.033150083459853735,0.24454342080353852,-0.03743842731496316,0.27425657408361853
43.6,-0.03289189486176414,0.24272264958564987,-0.03759808735065005,0.2762202889336923
43.61,-0.032609461942580804,0.24072380688775025,-0.03773010737920107,0.2780556554702091
43.62,-0.03230298599444163,0.23855061292854846,-0.037834305366936286,0.27976207769165573
43.63,-0.031972685695530904,0.23620689668059947,-0.037910512187112395,0.28133877629643417
43.64,-0.031618796775557075,0.23369503309829495,-0.0379585718507775,0.28277989423964756
43.65,-0.03124157185799695,0.23101392628761627,-0.03797834234410656,0.2840681661951089
43.660000000000004,-0.030841280576310002,0.2281600867698796,-0.037969697375154,0.2851783647115958
43.67,-0.03041820991076437,0.22512892774532256,-0.03793252885683261,0.28608144923540485
43.68,-0.02997266464152767,0.22191538325866944,-0.037866749791096846,0.2867465767532789
43.69,-0.02950496783589942,0.21851475070326018,-0.037772297289179545,0.2871438202507476
43.7,-0.029015461272010597,0.21492411190949395,-0.03764913541392828,0.28724870452075607
43.71,-0.028504505630386288,0.21114498243754412,-0.03749725730764508,0.2870505948963642
43.72,-0.027972480336840078,0.2071819376589319,-0.037316686234439955,0.28654839268694404
43.730000000000004,-0.0274197831554131,0.20303991657031334,-0.03710747584509519,0.28574207469714025
43.74,-0.026846829698023253,0.19872401513861437,-0.03686971018608905,0.2846320834654884
43.75,-0.026254052912811163,0.19423953467359045,-0.0366035036440462,0.2832195204149451
43.76,-0.025641902554247722,0.18959193719409406,-0.0363090008312222,0.2815060454302698
43.77,-0.025010844636210956,0.18478684678994203,-0.03598637641185004,0.27949391947794433
43.78,-0.024361360869522907,0.17983002754521535,-0.03563583487023734,0.27718597193126315
43.79,-0.023693948085338375,0.17472737284349937,-0.03525761022134673,0.2745856018572422
43.800000000000004,-0.023009117645861124,0.16948488873792203,-0.03485196566503638,0.271696758738388
43.81,-0.022307394843842386,0.1641086801441512,-0.03441919318527211,0.2685239300293158
43.82,-0.021589318292343375,0.1586049355738808,-0.03395961309589763,0.265072122004889
43.83,-0.02085543930623017,0.15297991264733846,-0.03347357353473842,0.2613468408543536
43.84,-0.020106321276875384,0.14723992336089523,-0.032961449908028205,0.25735407074678107
43.85,-0.019342539041516723,0.14139131971542374,-0.03242364428732811,0.25310025072768005
43.86,-0.018564678248714005,0.13544047949344967,-0.03186058476128328,0.24859224975558714
43.87,-0.017773334721318448,0.12939379237908777,-0.031272724744715076,0.2438373404773573
43.88,-0.016969113818334415,0.12325764640785344,-0.030660542247687002,0.23884317170727137
43.89,-0.01615262979702255,0.11703841483287615,-0.03002453910730156,0.23361773990072252
43.9,-0.015324505176551541,0.11074244343968864,-0.02936524018508733,0.22816935975636485
43.910000000000004,-0.014485370104459433,0.10437603836384432,-0.028683192532919326,0.22250663416234107
43.92,-0.013635861727133443,0.09794545444933245,-0.027978964530479433,0.21663842366186015
43.93,-0.012776623565467257,0.09145688418801347,-0.0272531449973094,0.2105738156315105
43.94,-0.01190830489679097,0.08491644727339934,-0.02650634228253632,0.20432209335201668
43.95,-0.011031560144114412,0.07833018079916601,-0.025739183335358042,0.1978927051510542
43.96,-0.010147048273650162,0.07170403012794112,-0.024952312759368878,0.19129523378858332
43.97,-0.009255432201525937,0.06504384045179296,-0.024146391853778083,0.18453936624857026
43.980000000000004,-0.00835737821052299,0.058355349061200046,-0.023322097644532414,0.1776348640912746
43.99,-0.0074535553775991,0.05164417833500291,-0.022480121908297075,0.17059153451056347
44.0,-0.006544635012897884,0.04491582945919123,-0.021621170192175965,0.16341920222966566
44.01,-0.00563129011086048,0.0381756768781848,-0.020745960831968776,0.1561276823572887
44.02,-0.004714194813985109,0.03142896347776304,-0.019855223971664986,0.14872675431391072
44.03,-0.003794023889715315,0.024680796494823548,-0.01894970058676615,0.14122613692561187
44.04,-0.0028714522208547638,0.017936144144952114,-0.018030141513911527,0.13363546477014698
44.050000000000004,-0.0019471543098402908,0.011199832955086492,-0.017097306489155917,0.12596426584725356
44.06,-0.00102180379713421,0.004476545785115114,-0.01615196319711555,0.118221940632528
44.07,-9.607299393065752e-05,-0.0022291794814112142,-0.015194886333059356,0.11041774256176322
44.08,0.0008293675707035179,-0.008912950599772207,-0.014226856679880067,0.10256075998050568
44.09,0.0017538495881851217,-0.015570521005296897,-0.013248660201732538,0.09465989958188799
44.1,0.00267670739427317,-0.022197789260805623,-0.012261087155978448,0.08672387134457861
44.11,0.003597278378485892,-0.028790797940340784,-0.011264931224926297,0.07876117497206257
44.12,0.0045149033791932565,-0.03534573198147511,-0.010260988668706335,0.07078008782462279
44.13,0.005428927064546799,-0.041858916571448204,-0.009250057500468561,0.06278865438642475
44.14,0.006338698299461118,-0.04832681477263786,-0.008232936684936873,0.054794677373342635
44.15,0.007243570498794616,-0.054746027636642755,-0.007210425361122486,0.046805712656828015
44.160000000000004,0.008142901967002337,-0.06111328697923486,-0.006183322089901027,0.03882906028058608
44.17,0.009036056224578974,-0.0674254560734172,-0.005152424127227539,0.030871756939503562
44.18,0.009922402321408888,-0.07367952925273699,-0.004118526723552014,0.02294057553758923
44.19,0.010801315136946814,-0.07987263458912296,-0.0030824224497914203,0.015042019171466515
44.2,0.011672175666969866,-0.08600203803635154,-0.0020449005502622534,0.007182317926958343
44.21,0.012534371295828586,-0.09206516980362489,-0.0010067463230300172,-0.0006325769162915558
44.22,0.013387296050807296,-0.09805968919384792,3.1259471470907244e-05,-0.008397009226677597
44.230000000000004,0.014230350829747144,-0.10398365097995682,0.001068341171310824,-0.016105660517481864
44.24,0.015062943587074839,-0.1098356793476009,0.002103728739595093,-0.02375359569670819
44.25,0.015884489498338695,-0.1156139338984092,0.0031366582619796065,-0.03133598970569053
44.26,0.01669441115002669,-0.12131613787218865,0.0041663724273383,-0.03884814154700365
44.27,0.017492138756437077,-0.12694013508536933,0.00519212099150986,-0.046285629615194286
44.28,0.018277110371496444,-0.13248401950515595,0.006213161212590942,-0.053644427926011026
44.29,0.019048772083338838,-0.13794596675935009,0.007228758251937188,-0.06092080975511928
44.300000000000004,0.019806578202630827,-0.14332406527579705,0.008238185547047208,-0.06811122733601505
44.31,0.020549991454448264,-0.1486163760779227,0.009240725163794521,-0.07521232425090113
44.32,0.021278483174365714,-0.15382092300406777,0.010235668130807566,-0.08222090197069057
44.33,0.021991533506463348,-0.15893574385470038,0.011222314755582361,-0.08913397895964634
44.34,0.02268863160223902,-0.16395884755596668,0.012199974922618389,-0.09594870810461045
44.35,0.0233692758200998,-0.16888826000803128,0.013167968374069404,-0.10266245511352858
44.36,0.024032973925005977,-0.1737219918539035,0.014125624973310144,-0.1092727129455997
44.37,0.024679243288332164,-0.17845805843111612,0.015072284952347336,-0.1157771584621218
44.38,0.025307611087460897,-0.1830944839449256,0.016007299142444656,-0.12217363701712006
44.39,0.025917614505380705,-0.18762927307345872,0.01693002918999909,-0.1284600848400152
44.4,0.026508800930506015,-0.19206044660553306,0.017839847758591036,-0.13463463319592173
44.410000000000004,0.02708072815590591,-0.19638602873152428,0.018736138715273607,-0.14069555411363435
44.42,0.02763296457821806,-0.2006040353430872,0.019618297303420164,-0.1466412054660771
44.43,0.028165089396765985,-0.20471248430160804,0.020485730304882713,-0.15247006432486976
44.44,0.028676692812323382,-0.20870940450940567,0.021337856189819506,-0.15818076192844244
44.45,0.029167376225020063,-0.21259283062843554,0.02217410525312886,-0.16377204092424985
44.46,0.029636752431627996,-0.21636079807080494,0.02299391974021176,-0.16924271317889608
44.47,0.03008444582239372,-0.2200113492135788,0.023796753964264894,-0.17459168325028937
44.480000000000004,0.03051009257711659,-0.2235425365417636,0.02458207441471679,-0.17981795035205667
44.49,0.030913340860110546,-0.22695242502826996,0.02534935985614265,-0.18492061177937677
44.5,0.03129385101377724,-0.23023909500591522,0.02609810141751189,-0.18989886091796696
44.51,0.03165129575066932,-0.23340063974778785,0.02682780267332382,-0.1947519378877309
44.52,0.03198536034401556,-0.23643516886804003,0.027537979718714547,-0.19947914219059573
44.53,0.032295742816477103,-0.2393408122309451,0.02822816123858388,-0.20407984243416522
44.54,0.03258215412682255,-0.2421157212859163,0.02889788857043294,-0.20855346275280873
44.550000000000004,0.03284431835709006,-0.2447579813391449,0.02954671576119963,-0.2128994889937229
44.56,0.03308197304551633,-0.24726104406260518,0.03017420960715015,-0.21711782201467966
44.57,0.03329487008034868,-0.24960764269481842,0.030779949644784154,-0.22120924650523519
44.58,0.033482777358058886,-0.25177585768906696,0.031363528077657986,-0.22517494378487699
44.59,0.033645480834535835,-0.253745338621017,0.03192454966911571,-0.22901599979606588
44.6,0.033782786483716125,-0.2554991969659583,0.03246263163940158,-0.23273325781652307
44.61,0.03389452184347029,-0.25702736913921254,0.03297740359217361,-0.23632705841997925
44.62,0.033980536934856,-0.2583269557612866,0.03346850748694801,-0.23979721405152232
44.63,0.03404070463047029,-0.25939707442202475,0.0339355976515255,-0.24314340866651873
44.64,0.03407492078024823,-0.2602368878257726,0.03437834081045778,-0.2463653502434954
44.65,0.03408310427996142,-0.2608460503170623,0.03479641611526631,-0.24946273394803634
44.660000000000004,0.03406519710623238,-0.26122448365144035,0.03518951517475618,-0.25243525716759413
44.67,0.03402116431693734,-0.26137248659543466,0.03555734208574258,-0.2552826087166575
44.68,0.033950994017840685,-0.26129067588107113,0.035899613464352775,-0.25800447119682623
44.69,0.03385469729548739,-0.260980009809048,0.036216058478122835,-0.26060051699692943
44.7,0.033732308116957675,-0.2604417688780635,0.03650641887905815,-0.26307040767979806
44.71,0.033583883196958084,-0.2596775563175634,0.036770449037832144,-0.26541379186477165
44.72,0.03340950183295445,-0.25868928713729666,0.03700791597927516,-0.2676303040382839
44.730000000000004,0.03320926570907742,-0.25747918146254356,0.037218599419300516,-0.2697195630611323
44.74,0.03298329866967444,-0.2560497543433446,0.037402291803399906,-0.271681170974974
44.75,0.03273174646344103,-0.25440380602966045,0.037558798346834316,-0.2735147117932922
44.76,0.03245477645916522,-0.2525444108042764,0.03768793707663566,-0.27521975042199825
44.77,0.032152577334189004,-0.25047490542322814,0.03778953887552806,-0.27679583162527016
44.78,0.03182535873804289,-0.24819883527370518,0.0378634475319058,-0.2782423483089687
44.79,0.03147335097703232,-0.24571856499661454,0.03790951993637902,-0.2795542003358715
44.800000000000004,0.031096804841959313,-0.24303357759116775,0.037927626805982134,-0.28071647716624126
44.81,0.0306959916606052,-0.24014144075221017,0.03791765418886359,-0.28170755257063945
44.82,0.030271203527772444,-0.23703887854187639,0.037879505596063595,-0.2825025061643635
44.83,0.02982275362582314,-0.23372225847692157,0.037813104481631506,-0.2830746998715756
44.84,0.02935097657006538,-0.23018825292304143,0.03771839686002247,-0.28339790425178024
44.85,0.028856228710336707,-0.2264346935824054,0.037595353840053476,-0.2834490387678903
44.86,0.02833888826972729,-0.22246263869992763,0.037443973694917754,-0.28321475476054
44.87,0.02779935518874815,-0.2182767866227263,0.037264283046815255,-0.28269280357943505
44.88,0.027238050696005472,-0.21388280938648793,0.037056337227172234,-0.28188365889194145
44.89,0.026655416755721806,-0.2092864834895527,0.0368202202826287,-0.28078781157575367
44.9,0.02605191548111278,-0.20449390265950515,0.03655604490370413,-0.27940648775724175
44.910000000000004,0.025428028524278442,-0.19951134860266181,0.03626395230536614,-0.2777412843258565
44.92,0.024784256443506195,-0.19434533238103363,0.0359441120579336,-0.27579434340883946
44.93,0.024121118049873578,-0.18900255008666336,0.03559672186991118,-0.27356825471823265
44.94,0.023439149734574838,-0.18348988107365627,0.035222007323024815,-0.27106609141369087
44.95,0.022738904778659103,-0.17781436468750939,0.03482022156064568,-0.26829137672100656
44.96,0.02202095264675332,-0.17198318760926484,0.03439164493057845,-0.2652480827955163
44.97,0.021285878266415988,-0.16600366582821863,0.03393658458353149,-0.2619406111918798
44.980000000000004,0.020534281294737305,-0.15988322931628318,0.03345537402864106,-0.25837378038927133
44.99,0.01976677537380862,-0.15362940543961529,0.03294837264760708,-0.2545528077842587
45.0,0.018983987376678994,-0.1472498031637074,0.03241596516910342,-0.2504832925961463
45.01,0.0181865566453941,-0.14075209709320505,0.03185856110525661,-0.24617119662135836
45.02,0.01737513422270365,-0.13414401189431122,0.03127659415208888,-0.24162282453656242
45.03,0.01655038207899737,-0.12743330689082957,0.030670521555920975,-0.23684480307477998
45.04,0.015712972336004053,-0.12062776100088499,0.03004082344781327,-0.23184405959168647
45.050000000000004,0.01486358648875635,-0.11373515799026848,0.0293880021481982,-0.22662779994603874
45.06,0.014002914627293922,-0.10676327211046385,0.0287125814439158,-0.22120348591669162
45.07,0.013131654659534153,-0.09971985414012023,0.02801510583991399,-0.21557881222954123
45.08,0.012250511536700266,-0.09261261786960835,0.027296139787910526,-0.2097616833410612
45.09,0.011360196482655145,-0.08544922705395061,0.02655626689433736,-0.2037601900857122
45.1,0.01046142622843962,-0.07823728286288123,0.025796089109900198,-0.1975825863100944
45.11,0.009554922253256536,-0.0709843118507424,0.025016225903087413,-0.19123726560360807
45.12,0.008641410033108447,-0.06369775446793241,0.02421731341994917,-0.18473273823544903
45.13,0.007721618298220416,-0.056384954132047804,0.023400003632449037,-0.1780776084001441
45.14,0.006796278300336249,-0.049053146874228196,0.022564963477656463,-0.17128055186923172
45.15,0.005866123090918558,-0.04170945157371331,0.021712873990007316,-0.16435029413964
45.160000000000004,0.004931886811217013,-0.03436086079049402,0.020844429428810245,-0.15729558916291536
45.17,0.003994303995115287,-0.027014232203786397,0.01996033640311658,-0.1501251987320957
45.18,0.003054108885602672,-0.019676280660999704,0.019061312996006264,-0.14284787259574072
45.19,0.0021120347656604344,-0.01235357083979207,0.01814808789026769,-0.1354723293610059
45.2,0.0011688133042839415,-0.005052510523098359,0.017221399497371753,-0.1280072382399798
45.21,0.00022517391830669217,0.0022206555151633514,0.01628199509155412,-0.12046120168584137
45.22,-0.0007181568493736126,0.009459851018219233,0.015330629950731646,-0.11284273895768748
45.230000000000004,-0.001660455934618403,0.016659173155174987,0.014368066505884765,-0.10516027064545462
45.24,-0.002601004339450158,0.02381289683896965,0.013395073500443146,-0.09742210417894993
45.25,-0.003539087701597461,0.030915478464222424,0.012412425161111207,-0.08963642033797388
45.26,-0.004473996845826885,0.03796155907742127,0.011420900381472553,-0.08181126077371086
45.27,-0.005405028316749414,0.044945966993338964,0.010421281919609192,-0.07395451654511595
45.28,-0.006331484892848063,0.051863719873535566,0.009414355610871476,-0.06607391766798172
45.29,-0.007252676081529448,0.0587100262835084,0.008400909596833067,-0.05817702366861509
45.300000000000004,-0.008167918595048673,0.06548028674709142,0.007381733571365051,-0.05027121512870204
45.31,-0.009076536807212082,0.07217009431348093,0.006357618044664798,-0.04236368619975308
45.32,-0.009977863190812272,0.07877523449474308,0.005329353625978544,-0.034461438056906234
45.33,-0.010871238735908353,0.08529168147883484,0.004297730325646037,-0.02657127381960915
45.34,-0.011756013349152238,0.09171559771243719,0.0032635368769793134,-0.018699794286270745
45.35,-0.012631546234474019,0.09804332686777437,0.002227560078352497,-0.010853395793385965
45.36,-0.01349720625576027,0.10427138535873257,0.0011905841557286363,-0.0030382691095023383
45.37,-0.014352372282879597,0.11039643635133142,0.00015339014557262152,0.0047395958066687345
45.38,-0.015196433524489128,0.11641522591042415,-0.0008832447025707028,0.012474393315254958
45.39,-0.01602878985693886,0.12232439954430002,-0.0019185475063629033,0.020160449643694914
45.4,-0.016848852170960646,0.12812013349230783,-0.0029517503199806925,0.027792117990669944
45.410000000000004,-0.017656042725362205,0.13379918917730244,-0.003982090688495112,0.03536410835284305
45.42,-0.01844979545350135,0.13935921805135149,-0.00500881217075498,0.04287156358907146
45.43,-0.019229556207597996,0.1447980857163097,-0.006031164827125135,0.05030984427501629
45.44,-0.01999478297506019,0.1501136529312322,-0.007048405685477529,0.0576743899703916
45.45,-0.02074494608776293,0.15530387945074264,-0.00805979919544039,0.06496075493558592
45.46,-0.021479528417669178,0.16036701138267054,-0.009064617667703796,0.07216474360621222
45.47,-0.02219802554863261,0.16530154496302635,-0.010062141691136936,0.07928240554663425
45.480000000000004,-0.02289994592387378,0.17010618155612672,-0.011051660526484984,0.08630999667483244
45.49,-0.02358481097125372,0.17477985476185903,-0.012032472476826766,0.09324403858293395
45.5,-0.02425215520797805,0.17932166315531942,-0.013003885235321682,0.10008123130873016
45.51,-0.02490152632658378,0.1837309008026719,-0.013965216211264541,0.10681852189944717
45.52,-0.025532485263483236,0.18800701039108442,-0.01491579283551833,0.11345301586369512
45.53,-0.026144606251220025,0.19214960156407648,-0.015854952845965452,0.11998205416766648
45.54,-0.026737476855134435,0.19615842897809088,-0.016782044552875935,0.12640315001822752
45.550000000000004,-0.027310697995943885,0.20003336715547515,-0.01769642708664403,0.13271396127772309
45.56,-0.027863883959102047,0.20377443701121456,-0.01859747062758645,0.13891238495641062
45.57,-0.028396662391312326,0.20738176716655032,-0.019484556617011522,0.14499644934877762
45.58,-0.028908674285910093,0.21085558352160855,-0.02035707795346299,0.15096429963519947
45.59,-0.029399573958105482,0.214196219038147,-0.021214439174373788,0.1568142822318492
45.6,-0.029869029010298236,0.21740409743237554,-0.02205605662061821,0.16254490052402318
45.61,-0.030316720288629875,0.22047971535208327,-0.022881358586241626,0.16815475787606934
45.62,-0.030742341832193328,0.22342363548904953,-0.02368978545696374,0.17364256057145563
45.63,-0.031145600815682375,0.22623648428673765,-0.024480789836733314,0.17900717289108173
45.64,-0.03152621748604146,0.22891894099636373,-0.02525383666051121,0.18424758632309055
45.65,-0.03188392509407989,0.23147172545400424,-0.026008403294694653,0.18936288781632507
45.660000000000004,-0.03221846982210881,0.2338955904606635,-0.026743979627646405,0.1943522504303357
45.67,-0.032529610708533496,0.23619131199480875,-0.027460068151972532,0.19921491527810467
45.68,-0.03281711957023443,0.23835968282259562,-0.028156184038182458,0.20395023825648295
45.69,-0.03308078092348803,0.240401504140273,-0.028831855198622865,0.2085576628494521
45.7,-0.033320391904223416,0.24231757679179577,-0.029486622342847615,0.21303669616334905
45.71,-0.03353576220220781,0.24410824815494625,-0.03012003902497246,0.21738694683899795
45.72,-0.0337267142423591,0.24576658694742975,-0.030731671665596736,0.22160864407782302
45.730000000000004,-0.03389308405565923,0.2472752561981169,-0.031321099514554696,0.22570287616171042
45.74,-0.03403472289264361,0.24861416811143255,-0.031887914551166976,0.22967098453735768
45.75,-0.03415149911747207,0.24976520779548955,-0.03243172135890773,0.2335141844389462
45.76,-0.03424329992878287,0.2507144810331333,-0.032952137010855434,0.23723338119227963
45.77,-0.03431003258890333,0.2514560113896153,-0.03344879099153834,0.24082887718808604
45.78,-0.03435162499513491,0.2519897719564164,-0.033921325168568627,0.24430052450415884
45.79,-0.034368025771214915,0.2523166965441517,-0.034369393800335934,0.24764811321355704
45.800000000000004,-0.03435920419129471,0.2524378017398346,-0.03479266355556238,0.250871436375515
45.81,-0.034325150070011703,0.2523544570161028,-0.03519081353462447,0.2539702645314284
45.82,-0.03426587362703051,0.25206824310024384,-0.03556353529241307,0.2569443523345104
45.83,-0.03418140532576596,0.2515810149501446,-0.035910532863186365,0.2597934295203821
45.84,-0.03407179568722458,0.2508948610989821,-0.03623152278775419,0.2625172001657075
45.85,-0.0339371150794215,0.250012113519665,-0.03652623414334568,0.2651153382551538
45.86,-0.033777453483198085,0.24893533096205733,-0.036794408576460116,0.2675874855443316
45.87,-0.033592920235206804,0.2476672943292444,-0.037035800338982065,0.26993324871831453
45.88,-0.033383643748981846,0.24621099486243073,-0.03725017632780716,0.2721521973386408
45.89,-0.03314977121505526,0.24456962481043326,-0.03743731612819815,0.27424386182309
45.9,-0.0328914682811647,0.24274656581724727,-0.03759701206106266,0.27620773182536257
45.910000000000004,-0.03260891871366231,0.24074537748919766,-0.037729069234315904,0.27804325481902425
45.92,-0.03230232404129572,0.2385697849978734,-0.037833305598465844,0.2797498349701437
45.93,-0.031971903183865676,0.23622362496483876,-0.037909552010568844,0.2813267014563013
45.94,-0.03161789211632818,0.23370930140685928,-0.03795765246231497,0.28276807330129555
45.95,-0.031240543708728585,0.2310257418547771,-0.03797746491163765,0.2840567435545612
45.96,-0.03084012784055484,0.22816946098678142,-0.03796886302516381,0.28516748208993586
45.97,-0.030416931736926223,0.22513587097816185,-0.03793173866077194,0.28607122890698405
45.980000000000004,-0.029971260421698776,0.22191990432520353,-0.03786600475345345,0.2867371194514192
45.99,-0.02950343720482964,0.21851685727273595,-0.03777159833763618,0.287135206011243
46.0,-0.029013804106240253,0.21492380914428233,-0.037648483391746514,0.28724098816221133
46.01,-0.02850272204759801,0.21114227318266404,-0.037496652968456314,0.28704380683853237
46.02,-0.027970570695284715,0.20717682763269135,-0.03731613023897918,0.2865425555746989
46.03,-0.027417748053094375,0.20303241625327373,-0.037106968758856315,0.2857372093707971
46.04,-0.026844669971463453,0.19871413914681488,-0.03686925247733874,0.28462820699900154
46.050000000000004,-0.02625176963538473,0.19422730200209926,-0.036603095682150574,0.28321664692731846
46.06,-0.02563949703408982,0.18957737102224748,-0.03630864288530148,0.28150418553611084
46.07,-0.02500831841370385,0.184769974502729,-0.03598606864976781,0.2794930804460394
46.08,-0.024358715714368352,0.17981088064356948,-0.03563557735793228,0.277186157517473
46.09,-0.02369118599321948,0.17470598690694994,-0.03525740292251116,0.2745868123292041
46.1,-0.023006240834700833,0.1694613033577264,-0.03485180844114507,0.2716989908335949
46.11,-0.022304405749663626,0.1640829388675768,-0.034419085795962284,0.2685271769759041
46.12,-0.021586219564738298,0.15857708583897195,-0.03395955519969915,0.265076373540317
46.13,-0.02085223380344458,0.15295000571823936,-0.03347356469015154,0.26135208327399234
46.14,-0.020103012060513847,0.1472080142582629,-0.0329614895749441,0.2573602869657945
46.15,-0.01933912937087793,0.1413574671442842,-0.032423731828785635,0.25310742036366796
46.160000000000004,-0.018561171574762857,0.13540474576698855,-0.031860719445553354,0.2486003492271965
46.17,-0.017769734680302497,0.12935624333864626,-0.031272905747702924,0.24384634312001802
46.18,-0.01696542422505155,0.12321835133864835,-0.030660768655640477,0.23885304790404718
46.19,-0.016148854637752372,0.11699744637529355,-0.030024809919811987,0.233628457227688
46.2,-0.015320648601655775,0.11069987749578519,-0.02936555431836864,0.22818088314107574
46.21,-0.014481436420662339,0.10433195399895659,-0.02868354882334916,0.22251892605425017
46.22,-0.013631855389493236,0.09789993378838263,-0.027979361738385264,0.21665144421330537
46.230000000000004,-0.01277254916904741,0.09141001230647941,-0.027253581810981472,0.21058752288791974
46.24,-0.011904167168043885,0.08486831208256748,-0.026506817322448084,0.20433644344993251
46.25,-0.011027363931987574,0.07828087292563843,-0.025739695158574674,0.19790765252254744
46.26,-0.010142798540428795,0.07165364278712183,-0.024952859864123038,0.1913107313706446
46.27,-0.009251134013424612,0.06499246931530456,-0.02414697268419192,0.184555365696069
46.28,-0.008353036728037205,0.05830309211810761,-0.023322710595465024,0.17765131599210035
46.29,-0.007449175845635289,0.051591135746787864,-0.022480765330295086,0.1706083886016007
46.300000000000004,-0.006540222750692389,0.04486210340849932,-0.021621842396506514,0.16343640761229725
46.31,-0.0056268505017035885,0.03812137141133161,-0.02074666009571296,0.15614518771119143
46.32,-0.004709733294769568,0.031374184341168974,-0.01985594854285024,0.14874450810794634
46.33,-0.0037895459403204912,0.024625650965407232,-0.018950448689517018,0.14124408762470764
46.34,-0.0028669633533861903,0.0178807408547493,-0.018030911353598057,0.13365356103713288
46.35,-0.0019426600577435054,0.011144281710310587,-0.017098096257519214,0.12598245673869943
46.36,-0.0010173097041983878,0.004420957379875395,-0.01615277107735152,0.11824017578769784
46.37,-9.15846032011304e-05,-0.0022846934563488033,-0.01519571050484169,0.1104359723839224
46.38,0.0008338447280815074,-0.008968277952917209,-0.014227695324304046,0.10257893580986707
46.39,0.0017583100041766542,-0.015625549144614913,-0.013249511506163195,0.09467797385960268
46.4,0.002681145595195099,-0.022252405397874982,-0.012261949318786223,0.08674179776724376
46.410000000000004,0.003601688936258844,-0.028844889297961362,-0.011265802460095132,0.07877890863630882
46.42,0.004519280922583523,-0.03539918600476248,-0.01026186721029973,0.0707975853615805
46.43,0.005433266290379605,-0.04191162114729335,-0.009250941606940002,0.06280587410066042
46.44,0.006342993983777222,-0.0483786585084168,-0.008233824643270365,0.05481157939037672
46.45,0.007247817507925813,-0.05479690022505211,-0.007211315490783679,0.04682225924015782
46.46,0.008147095268545469,-0.06116307896119114,-0.006184212746591453,0.03884521545827599
46.47,0.009040190898248816,-0.06747405973274788,-0.005153313706446762,0.030887486758588163
46.480000000000004,0.009926473569740574,-0.07372683823563078,-0.004119413663959406,0.022955848159371166
46.49,0.010805318295836478,-0.079918544271489,-0.003083305236359149,0.015056804821821911
46.5,0.011676106216053465,-0.08604644522723046,-0.0020457777172154345,0.0071965890522998465
46.51,0.012538224868768539,-0.09210797079129335,-0.0010076164565577233,-0.0006188453308306469
46.52,0.013391068445721006,-0.09810077534711809,3.0397730783979175e-05,-0.008383838653748442
46.53,0.014234038020658965,-0.104022888561991,0.001067489126536491,-0.01609306406811424
46.54,0.015066541737184167,-0.10987291881587369,0.0021028876361664853,-0.023741581023580587
46.550000000000004,0.015887994973302403,-0.11564906625675661,0.0031358292865795224,-0.03132457264630204
46.56,0.016697820529043703,-0.12134907012952112,0.00416555670647905,-0.038837338382471887
46.57,0.017495448841966018,-0.12697076679895,0.005191319590196024,-0.04627544800064931
46.58,0.018280318199110166,-0.13251224729957398,0.006212375133740447,-0.05363486448562834
46.59,0.019051874931604974,-0.13797169567027456,0.0072279884365979334,-0.06091185853035693
46.6,0.019809573602228094,-0.14334721324509853,0.008237432874916666,-0.06810288377133666
46.61,0.020552877196262295,-0.14863686792708136,0.009239990453800901,-0.07520458121827531
46.62,0.021281257316666517,-0.15383869382424675,0.01023495214174807,-0.08221375372911278
46.63,0.021994194381196572,-0.15895073662920872,0.011221618186764213,-0.08912741909981814
46.64,0.022691177820473547,-0.1639710131922955,0.012199298414536715,-0.09594272922887238
46.65,0.023371706276676875,-0.16889755751829733,0.013167312509167282,-0.10265704917219001
46.660000000000004,0.02403528780238033,-0.17372838828630066,0.014124990276808691,-0.10926787130107456
46.67,0.024681440059601455,-0.17846152912267835,0.015071671893124212,-0.1157728722655348
46.68,0.025309690518585743,-0.18309501198001918,0.016006708133984276,-0.12216989581423517
46.69,0.025919576656607334,-0.18762684961590947,0.016929460591446947,-0.12845687751027973
46.7,0.02651064615697113,-0.1920550714967717,0.017839301875820352,-0.13463195030531144
46.71,0.027082457107418967,-0.19637770937698357,0.018735615801960245,-0.14069338368933018
46.72,0.02763457819826061,-0.20059278688152446,0.019617797562255686,-0.14663953403766755
46.730000000000004,0.028166588920711947,-0.2046983300009145,0.02048525388889613,-0.15246887890798558
46.74,0.028678079764846553,-0.20869237601401658,0.021337403203616774,-0.15818005237967817
46.75,0.029168652416705434,-0.21257296686807192,0.022173675754076826,-0.16377179403617842
46.76,0.029637919954835185,-0.21633814523165384,0.02299351373977542,-0.16924291385241833
46.77,0.03008550704638894,-0.21998596105600596,0.023796371429475154,-0.1745923171224793
46.78,0.030511050142469534,-0.22351447397372304,0.024581715269654227,-0.17981900256511132
46.79,0.030914197672362337,-0.2269217564462025,0.025349023983301282,-0.1849220716614566
46.800000000000004,0.03129461023639383,-0.23020589542501596,0.026097788659046127,-0.18990071520271082
46.81,0.03165196079733062,-0.23336499050428344,0.026827512832409868,-0.1947541710470254
46.82,0.03198593487027016,-0.23639715770183256,0.027537712561046153,-0.19948173959845295
46.83,0.03229623071077454,-0.2393005328864748,0.028227916493875613,-0.20408278920572295
46.84,0.03258255950095172,-0.24207327327239797,0.02889766593391269,-0.20855674415948752
46.85,0.032844645535725296,-0.24471348016857947,0.02954651489512004,-0.21290308959114498
46.86,0.033082226550921676,-0.24721473301127944,0.030174030142620576,-0.21712171699286256
46.87,0.03329505460958848,-0.2495597933604371,0.030779791184126312,-0.2212134095096085
46.88,0.03348289775999651,-0.2517266216259877,0.031363390196710715,-0.2251793585499604
46.89,0.03364554209569259,-0.2536947544778484,0.031924431918780624,-0.22902065947037606
46.9,0.033782793723733294,-0.25544724992919055,0.0324625335463785,-0.23273816025567626
46.910000000000004,0.03389448031319838,-0.2569741172861426,0.03297732465943594,-0.23633219632239855
46.92,0.03398045200993972,-0.2582725210167395,0.03346844719451665,-0.2398025756454998
46.93,0.03404058180027649,-0.2593415809306162,0.03393555545755506,-0.24314898249757624
46.94,0.034074765635374066,-0.2601804616373289,0.03437831615238396,-0.246371125188951
46.95,0.03408292249956245,-0.2607888191019875,0.034796408410919785,-0.24946869921210107
46.96,0.03406499444519799,-0.261166576412617,0.035189523823442884,-0.2524414022757636
46.97,0.03402094659294449,-0.2613140333829882,0.035557366469291266,-0.25528892350797217
46.980000000000004,0.033950767098313454,-0.2612318075078959,0.035899652948130245,-0.2580109458149512
46.99,0.03385446708449077,-0.26092085756848316,0.03621611241201806,-0.2606071418798622
47.0,0.03373208054205437,-0.26038246426381645,0.03650648659843623,-0.26307717354855925
47.01,0.033583664196057086,-0.25961823074628565,0.036770529864459015,-0.265420689711161
47.02,0.03340929734117437,-0.25863007167424173,0.037008009222214915,-0.26763732511186444
47.03,0.033209081645660485,-0.2574202065506179,0.03721870437578564,-0.26972669885561346
47.04,0.032983140924969276,-0.2559911495359597,0.037402407759676924,-0.2716884132141079
47.050000000000004,0.03273162088598578,-0.25434569972772936,0.03755892457898544,-0.2735220524164231
47.06,0.03245468884289666,-0.2524869299976996,0.03768807285137836,-0.27522718156936404
47.07,0.03215253340580163,-0.250418175437232,0.03778968345099374,-0.2768033456231743
47.08,0.03182536414440784,-0.24814298334279117,0.03786360015802721,-0.2782499497081328
47.09,0.03147341127164248,-0.24566374810057176,0.03790967985156174,-0.27956199438113194
47.1,0.031096925469503055,-0.2429799647118534,0.03792779322716313,-0.28072461440791074
47.11,0.03069617794105931,-0.24008917848225875,0.037917826299270894,-0.28171612107851135
47.12,0.03027146064239672,-0.2369880802086165,0.03787968253813062,-0.28251149794636393
47.13,0.029823086606389274,-0.23367300027992238,0.03781328535920787,-0.28308399940425394
47.14,0.029351390291579058,-0.23014057887632597,0.03771858075060769,-0.2834073047622123
47.15,0.028856727886498942,-0.2263886343302446,0.03759553981462221,-0.2834583023246171
47.160000000000004,0.0283394774485662,-0.2224182615854219,0.03744416083714175,-0.2832237712019914
47.17,0.027800038746048,-0.21823418031091135,0.03726447046412802,-0.2827015425369513
47.18,0.02723883282714136,-0.2138420568480952,0.03705652405552609,-0.28189208489630885
47.19,0.026656301467452407,-0.20924766460154565,0.03682040568981452,-0.2807958928098822
47.2,0.026052906583787006,-0.20445709273076706,0.036556228092606065,-0.27941419190430306
47.21,0.025429129624453088,-0.19947661895337188,0.03626413251711268,-0.2777485808846436
47.22,0.02478547093699316,-0.19431274990688413,0.03594428857494072,-0.27580120277034187
47.230000000000004,0.02412244911522156,-0.18897217734253596,0.0355968940187964,-0.2735746488552482
47.24,0.0234406003269959,-0.18346177610921185,0.0352221744773801,-0.27107199375584523
47.25,0.022740477624404575,-0.17778858101859132,0.034820383143653745,-0.2682967624276725
47.26,0.022022650237950487,-0.17195977413295138,0.034391800417458825,-0.2652529288189458
47.27,0.02128770285636723,-0.16598266677771878,0.033936733503803856,-0.2619448964330988
47.28,0.020536234893688644,-0.15986468420742278,0.03345551596819346,-0.2583774857942463
47.29,0.01976885974519307,-0.15361334903302948,0.032948507250557924,-0.25455591645546194
47.300000000000004,0.01898620403383618,-0.14723626543058677,0.03241609213944725,-0.25048578988094283
47.31,0.018188906848770274,-0.14074110319059574,0.031858680208284446,-0.2461730701956206
47.32,0.01737761897753482,-0.13413558214689983,0.03127670521557524,-0.2416240644735407
47.33,0.016553002133475832,-0.12742745678054687,0.030670624471070572,-0.23684540190359418
47.34,0.015715728179928765,-0.12062450116368005,0.030040918169962186,-0.23184401234274699
47.35,0.014866478352669112,-0.11373449422009355,0.029388088697264562,-0.22662710418440943
47.36,0.014005942482097945,-0.10676520537046326,0.028712659904597305,-0.22120214176264782
47.37,0.013134818216595692,-0.09972438058083952,0.0280151763616302,-0.21557682236662967
47.38,0.012253810248428759,-0.09261972885414209,0.02729620258448936,-0.20975905301157002
47.39,0.011363629543562903,-0.08545890919009222,0.026556322243446166,-0.20375692707375986
47.4,0.010464992576671774,-0.07824951804196646,0.02579613735222379,-0.19757870091255694
47.410000000000004,0.009558620572593114,-0.07099907729334795,0.025016267441255458,-0.19123277058919616
47.42,0.008645238755429586,-0.06371502277622947,0.024217348717217733,-0.1847276487923032
47.43,0.007725575606429687,-0.05640469334871597,0.02340003321114145,-0.1780719420724107
47.44,0.00680036213173789,-0.04907532054798667,0.022564987917369845,-0.1712743284830986
47.45,0.00587033114104006,-0.041734018831193286,0.0217128939255925,-0.1643435357194188
47.46,0.004936216538069361,-0.0343877764145728,0.02084444554813359,-0.1572883198377446
47.47,0.003998752623882547,-0.027043446718023164,0.01996034944461315,-0.15011744463393598
47.480000000000004,0.003058673413755913,-0.0197077404203099,0.019061323746034167,-0.14283966174932283
47.49,0.002116711968480774,-0.01238721812698746,0.01814809718027555,-0.1354636915664667
47.5,0.0011735997407883152,-0.0050882836513066985,0.017221408200890447,-0.12799820494889966
47.51,0.0002300659375660579,0.0021828220944505594,0.016282004121025474,-0.1204518058714403
47.52,-0.0007131631015348983,0.009420026601620574,0.01533064025418705,-0.11283301497996122
47.53,-0.001655364508557692,0.01661743066858498,0.014368079063487622,-0.10515025411200461
47.54,-0.002595819474279842,0.023769312713575935,0.013395089320908264,-0.09741183180227682
47.550000000000004,-0.003533813817417371,0.03087013250767779,0.012412445278016509,-0.08962592979002088
47.56,-0.004468638535623568,0.037914534340059966,0.011420925849476687,-0.08180059053838852
47.57,-0.005399590337979369,0.04489734962999601,0.010421313810590582,-0.07394370576957934
47.58,-0.006325972158716065,0.05181359900071311,0.009414395010003206,-0.06606300601333652
47.59,-0.007247093651977274,0.05865849383240653,0.008400957598608538,-0.058166051160809425
47.6,-0.008162271667470081,0.06542743731229553,0.007381791275589633,-0.050260222010238574
47.61,-0.009070830706907687,0.07211602499856976,0.006357686552427897,-0.04235271278325405
47.62,-0.009972103361202005,0.07872004476926277,0.005329434035621055,-0.03445052458031447
47.63,-0.010865430728507456,0.08523547319817563,0.004297823728738357,-0.026560460271271666
47.64,-0.011750162813327,0.09165847471447053,0.0032636443543245606,-0.018689120302704268
47.65,-0.012625658906996347,0.09798539505334802,0.0022276826960291574,-0.010842900488711383
47.660000000000004,-0.013491287950164165,0.10421275258330631,0.0011907229611857425,-0.0030279909667908105
47.67,-0.014346428878628689,0.1103372123748645,0.00015354616378908213,0.004749619009085262
47.68,-0.015190470955946452,0.11635552271327011,-0.000883070472856897,0.012484124518518248
47.69,-0.01602281410210228,0.1222643321627082,-0.0019183540963616757,0.020169852227592162
47.7,-0.016842869239770013,0.12805982468657032,-0.002951536794507977,0.027801155735004596
47.71,-0.017650058647286183,0.13373877092998337,-0.003981856149540108,0.03537274703983558
47.72,-0.018443816264466683,0.13929882409789704,-0.005008555760890404,0.04287977060722244
47.730000000000004,-0.019223587936673576,0.144737849323408,-0.006030885732760122,0.05031758822380454
47.74,-0.019988831631092996,0.15005370872801438,-0.007048103139916101,0.05768164276273646
47.75,-0.02073901764590416,0.15524436398767347,-0.008059472481601729,0.06496749333454307
47.76,-0.021473628805758323,0.16030806216579935,-0.00906426612040764,0.07217094854967189
47.77,-0.02219216063350717,0.16524329924585213,-0.010061764698979658,0.07928806144062267
47.78,-0.0228941214977088,0.1700487757821943,-0.011051257533357643,0.08631509125749953
47.79,-0.02357903273800767,0.1747234235725532,-0.012032042983126568,0.09324856196014328
47.800000000000004,-0.024246428770012634,0.17926633919363227,-0.013003428798893584,0.1000851763767329
47.81,-0.024895857171510896,0.18367681391212415,-0.01396473244810034,0.10682188341116791
47.82,-0.025526878751291348,0.187954287381964,-0.014915281420236431,0.11345579088950794
47.83,-0.026139067601717116,0.19209836581819295,-0.015854413512074648,0.11998424186236133
47.84,-0.02673201113575577,0.19610879964234115,-0.016781477092865153,0.12640475033778514
47.85,-0.027305310109969824,0.19998545938158008,-0.017695831351909296,0.13271497680273145
47.86,-0.027858578634299837,0.20372836138854425,-0.018596846528159627,0.1389128199649712
47.870000000000005,-0.028391444169051774,0.20733762898438504,-0.019483904121156845,0.14499630799497695
47.88,-0.02890354751079355,0.21081348304523237,-0.020356397087171157,0.15096358846897703
47.89,-0.029394542768119956,0.21415625113852071,-0.021213730020683195,0.15681300964451286
47.9,-0.02986409732751865,0.21736635113199337,-0.02205531931877426,0.16254307565839202
47.910000000000004,-0.03031189181051289,0.22044427347087506,-0.022880593330800104,0.1681523892908847
47.92,-0.030737620023487,0.22339057473510365,-0.023688992496845168,0.1736396588520629
47.93,-0.031140988900955843,0.2262058750907719,-0.02447996947412999,0.17900375051933867
47.94,-0.031521718442854785,0.2288908471615454,-0.025252989249648295,0.18424365616090913
47.95,-0.031879541646812656,0.23144620407389427,-0.026007529240513198,0.18935846344063706
47.96,-0.0322142044364686,0.2338726917067004,-0.02674307938448722,0.1943473439852688
47.97,-0.032525465586754974,0.23617107911918114,-0.0274591422222627,0.19920954065036947
47.980000000000004,-0.03281309664697279,0.2383421521160588,-0.02815523297101023,0.20394441107502734
47.99,-0.033076881862413296,0.24038670480872376,-0.028830879588193453,0.20855139869648892
48.0,-0.03331661809532081,0.24230553094692914,-0.02948562282689333,0.21303001106620176
48.01,-0.03353211475953445,0.24409897903885244,-0.03011901628315531,0.2173798563844397
48.02,-0.033723194001291756,0.24576013703866262,-0.030730626417983627,0.22160116192441465
48.03,-0.03388969157024989,0.2472716329489422,-0.03132003252012803,0.22569501819156745
48.04,-0.0340314584365164,0.24861330801592563,-0.031886826606109336,0.22966277162919285
48.050000000000004,-0.03414836269046897,0.24976699692955007,-0.03243061329449333,0.23350564080564187
48.06,-0.03424029126770273,0.2507187990357904,-0.0329510096910832,0.23722453088076997
48.07,-0.03430715117746087,0.25146280554105993,-0.03344764531089286,0.24081973825488076
48.08,-0.034348870069931044,0.25199901472505526,-0.03392016205016278,0.2442911123335241
48.09,-0.03436539632544572,0.2523283499467876,-0.03436821419430073,0.24763844330093196
48.1,-0.03435669897854716,0.25245182549222533,-0.034791468437501055,0.2508615236821755
48.11,-0.03432276760856631,0.252370804673546,-0.035189603904098844,0.2539601237747514
48.120000000000005,-0.0342636122046367,0.25208686421612153,-0.03556231217146545,0.25693399781452714
48.13,-0.03417926300488021,0.25160185423442366,-0.03590929729489857,0.2597828751847019
48.14,-0.03406977031069345,0.2509178590845722,-0.03623027583484486,0.2625064595615081
48.15,-0.03393520427659454,0.25003720648200145,-0.03652497688680681,0.26510442454366384
48.160000000000004,-0.03377565467645126,0.24896245121824323,-0.036793142114233304,0.2675764114897957
48.17,-0.03359123064685973,0.24769637035297265,-0.037034525784674734,0.269922026695148
48.18,-0.03338206040859144,0.24624195149580128,-0.03724889480944811,0.272140839334611
48.19,-0.033148290967065626,0.24460238343156077,-0.03743602878703247,0.27423237944925083
48.2,-0.03289008779289844,0.2427810445336016,-0.03759572005038437,0.27619613632702805
48.21,-0.0326076344836298,0.24078149132124216,-0.0377277737183379,0.27803155709027316
48.22,-0.03230113240780635,0.23860744607028772,-0.037832007751225284,0.2797380455702512
48.230000000000004,-0.03197080033383289,0.2362627455656779,-0.03790825301458686,0.281314839686763
48.24,-0.031616874093393414,0.2337498173485721,-0.03795635350430531,0.2827562403211174
48.25,-0.03123960641988281,0.23106759967826798,-0.03797616717274249,0.2840450813033685
48.26,-0.030839267062364145,0.2282125876649166,-0.03796756766927148,0.2851560770325373
48.27,-0.030416143123425908,0.22518016370894617,-0.037930446827490055,0.28606007935637495
48.28,-0.029970539515182526,0.22196522646019695,-0.037864717559660324,0.28672612235461686
48.29,-0.02950277944976354,0.21856304399879875,-0.0377703168883646,0.2871241745646007
48.300000000000004,-0.02901320486505244,0.21497070136288435,-0.03764720879650764,0.28722975820450086
48.31,-0.028502176615303878,0.2111897582015313,-0.03749538635346892,0.2870323642670771
48.32,-0.027970074311274146,0.20722480669740048,-0.037314872750095915,0.28653093314177275
48.33,-0.027417295911429326,0.20308078655524153,-0.0371057215595362,0.2857254293539854
48.34,-0.02684425723104162,0.19876279967557936,-0.03686801674598535,0.28461629901663477
48.35,-0.026251391430114228,0.19427615085394923,-0.036601872609349446,0.2832046388515205
48.36,-0.02563914848304685,0.18962630697773414,-0.036307433670918605,0.2814921078498758
48.370000000000005,-0.02500799463126442,0.18481889646557853,-0.03598487449994726,0.2794809638648317
48.38,-0.024358411820293954,0.17985968814498654,-0.0356343994819942,0.27717403396748896
48.39,-0.02369089712268693,0.17475458007357292,-0.03525624252977038,0.27457471423726154
48.4,-0.023005962148258015,0.1695095831442812,-0.034850666737662496,0.271686951253137
48.410000000000004,-0.02230413244309919,0.16413080715394676,-0.034417963981245824,0.26851522928840466
48.42,-0.021585946878849124,0.1586244455920916,-0.033958454463369564,0.2650645513642897
48.43,-0.02085195703369002,0.1529967611186947,-0.03347248620858931,0.2613404202672308
48.44,-0.020102726566539376,0.14725407084196895,-0.03296043450793365,0.25734881667982096
48.45,-0.019338830585899938,0.14140273193418695,-0.03242270131617292,0.2530961760726422
48.46,-0.01856085501479451,0.1354491274074841,-0.03185971460393359,0.24858936377188565
48.47,-0.017769395953213314,0.129399652226528,-0.03127192766715358,0.24383564874818642
48.480000000000004,-0.01696505903944542,0.12326069975378533,-0.030659818396515957,0.2388426761181813
48.49,-0.016148458811650595,0.11703864860950061,-0.03002388850961469,0.23361843863611603
48.5,-0.015320218070973389,0.11073984998074458,-0.02936466274871148,0.22817124731585453
48.51,-0.014480967247464293,0.10437061543267447,-0.02868268804702362,0.22250970139545756
48.52,-0.013631343770019705,0.09793720526043811,-0.027978532666548043,0.21664265782110445
48.53,-0.01277199144149243,0.09144581742180566,-0.027252785310473062,0.21057920044278372
48.54,-0.011903559820079603,0.08490257708372044,-0.02650605421325456,0.20432860910178377
48.550000000000004,-0.011026703608018175,0.07831352681332598,-0.025738966211443916,0.1979003287892474
48.56,-0.010142082048564505,0.0716846174388916,-0.02495216579834525,0.19130393904630022
48.57,-0.00925035833216342,0.06502169960206365,-0.02414631416555372,0.18454912376947344
48.58,-0.008352199012642862,0.05833051601827509,-0.02332208823438473,0.17764564157556637
48.59,-0.007448273434200815,0.051616694457831305,-0.02248017968014661,0.17060329687034886
48.6,-0.006539253169877022,0.04488574145550908,-0.021621293952137487,0.1634319117544864
48.61,-0.005625811472134351,0.0381430367524088,-0.020746149292161942,0.15614129888858364
48.620000000000005,-0.004708622736094991,0.031393828469284235,-0.019855475754267066,0.14874123542713721
48.63,-0.003788361975908951,0.024643229006462954,-0.018950014228288726,0.1412414381187844
48.64,-0.0028657043146581946,0.01789621166155679,-0.0180305154696821,0.13365153965752702
48.65,-0.001941324488126169,0.011157607952177578,-0.01709773913798523,0.12598106635696657
48.660000000000004,-0.001015896362699408,0.004432105627572644,-0.016152452846130386,0.11823941720690136
48.67,-9.009246758866882e-05,-0.0022757526505330986,-0.015195431222681244,0.11043584435921472
48.68,0.0008354164584995282,-0.008961569980317642,-0.014227454988929496,0.10257943507786178
48.69,0.0017599619061787356,-0.015621095270715125,-0.013249310052638394,0.0946790951760497
48.7,0.00268287801968679,-0.02225022269852835,-0.012261786620072676,0.08674353395253318
48.71,0.0036035020067348004,-0.02884499060149126,-0.011265678327803858,0.07878125062827837
48.72,0.004521174534012563,-0.03540157983976208,-0.010261781395630358,0.07080052227489177
48.730000000000004,0.0054352401085216795,-0.041916311686660886,-0.009250893801802182,0.06280939326727747
48.74,0.0063450474449397035,-0.04838564542874788,-0.00823381448158365,0.05481566637955465
48.75,0.007249949819174778,-0.054806178370378884,-0.007211342549962828,0.046826897567090624
48.76,0.00814930540836946,-0.06117463912644967,-0.006184276549203528,0.03885038748414754
48.77,0.00904247761767943,-0.06748788743995467,-0.005153413722008528,0.03089317345676192
48.78,0.009928835393947053,-0.0737429146551734,-0.004119549310867678,0.022962029146363253
48.79,0.010807753526190024,-0.07993684568256794,-0.003083475883949442,0.015063458616972036
48.800000000000004,0.011678612932664966,-0.0860669431688036,-0.0020459826879364934,0.007203693040301136
48.81,0.01254080093344797,-0.09213063371204404,-0.001007855028262142,-0.0006113150273908623
48.82,0.013393711505188805,-0.09812557160267248,3.012632239847102e-05,-0.008375908036062531
48.83,0.014236745509346949,-0.10404980176958756,0.0010671856851624442,-0.01608476542879084
48.84,0.015069310879162903,-0.10990193665639011,0.002102553001643707,-0.02373295070310675
48.85,0.015890822784969068,-0.11568013558867656,0.0031354643315823095,-0.031315638730593794
48.86,0.016700703824213934,-0.12138212272945026,0.004165162333586961,-0.038828127135164515
48.870000000000005,0.01749838423837945,-0.12700573884758107,0.005190896729062521,-0.04626599073455592
48.88,0.018283302125067135,-0.1325490732707612,0.006211924737926444,-0.05362519646159313
48.89,0.019054903632894436,-0.13801030033633888,0.0072275114802077866,-0.0609020118872255
48.9,0.019812643149923304,-0.14338750989640953,0.00823693034946265,-0.06809288571350407
48.910000000000004,0.0205559834954606,-0.1486787636977954,0.009239463365429522,-0.07519445714147491
48.92,0.021284396115980497,-0.15388208857114855,0.01023440150875749,-0.08220352566705152
48.93,0.02199736128287574,-0.15899552513121457,0.011221045037378353,-0.08911710733785635
48.94,0.022694368291062667,-0.16401708550175198,0.012198703784880263,-0.0959323525053837
48.95,0.023374915658130675,-0.1689447994911851,0.01316669744139352,-0.10264662489432802
48.96,0.024038511323580355,-0.17377668230850374,0.014124355817341604,-0.10925741632035975
48.97,0.024684672848239282,-0.17851075369485453,0.015071019091035918,-0.1157624008153836
48.980000000000004,0.025312927613374343,-0.18314504319887592,0.01600603803949512,-0.1221594227235424
48.99,0.025922813019752914,-0.1876775613070437,0.016928774254451693,-0.1284464175104039
49.0,0.026513876686888777,-0.19210633443654418,0.017838600344537194,-0.13462151395476132
49.01,0.027085676651675158,-0.19642939318007027,0.01873490012173963,-0.14068298312789274
49.02,0.027637781566658165,-0.20064476008873405,0.01961706877437909,-0.14662918190261934
49.03,0.028169770898480762,-0.20475045993930752,0.020484513029370235,-0.15245858620732564
49.04,0.028681235125942242,-0.2087445289032417,0.021336651302149776,-0.1581698265381767
49.050000000000004,0.029171775937177798,-0.21262500902580778,0.022172913833216314,-0.16376164403809132
49.06,0.02964100642619318,-0.21638994337817374,0.022992742814016205,-0.1692328494860191
49.07,0.030088551288925364,-0.22003738225669983,0.023795592504342322,-0.17458234672584141
49.08,0.030514047018525205,-0.2235653862195079,0.02458092934085212,-0.17980913417191582
49.09,0.030917142099502283,-0.22697202860855575,0.025348232036021028,-0.18491230961515276
49.1,0.03129749720046513,-0.23025539807502934,0.026096991667427235,-0.1898910649661916
49.11,0.031654785365346445,-0.23341359628624556,0.02682671175899305,-0.1947446389712748
49.120000000000005,0.031988692203082605,-0.2364447414385357,0.027536908356197508,-0.19947233085537883
49.13,0.03229891607551409,-0.23934697199737714,0.028227110095262103,-0.20407350864241008
49.14,0.03258516828319701,-0.24211844805376304,0.028896858266036423,-0.20854759603055953
49.15,0.03284717325143192,-0.24475727232508648,0.02954570686889957,-0.21289407779473943
49.160000000000004,0.033084668858512675,-0.2472570146668434,0.030173222654987498,-0.2171128459101617
49.17,0.03329740732159235,-0.24960046557241136,0.030778985117681283,-0.22120468107428168
49.18,0.03348515685177185,-0.2517656394471393,0.03136258641962599,-0.2251707703347613
49.19,0.033647703709800574,-0.2537321089556758,0.031923631285055536,-0.2290122061729833
49.2,0.033784854171338266,-0.25548293597749494,0.03246173689633403,-0.23272983624729965
49.21,0.03389643607592959,-0.25700808562818267,0.03297653282017599,-0.23632399941964613
49.22,0.0339822997446477,-0.258304696505878,0.03346766098016318,-0.23979450571716138
49.230000000000004,0.034042318345799655,-0.25937189292658736,0.03393477566932289,-0.2431410391293916
49.24,0.034076388019464526,-0.2602088434991264,0.03437754357863614,-0.2463633077519551
49.25,0.03408442794538384,-0.2608152086144604,0.034795643827246224,-0.24946100686443162
49.26,0.03406638037738865,-0.2611909157265637,0.03518876799275954,-0.2524338339998728
49.27,0.034022210643232624,-0.2613362691839421,0.035556620141957436,-0.2552814781285089
49.28,0.03395190711067892,-0.261251891056053,0.03589891686208158,-0.25800362202462057
49.29,0.033855481119865326,-0.2609387447888506,0.036215387292912786,-0.260599938259551
49.300000000000004,0.0337329668825508,-0.2603981157971448,0.036505773159812765,-0.2630700885885196
49.31,0.03358442134872465,-0.25963161200574736,0.03676982880790264,-0.2654137218298244
49.32,0.0334099240412766,-0.258641152885535,0.03700732123753148,-0.2676304726740064
49.33,0.033209576859466856,-0.257428962786847,0.03721803014118096,-0.26971996018899275
49.34,0.03298350385206296,-0.2559975607417794,0.03740174794193949,-0.27168178662502984
49.35,0.03273185096108313,-0.25434975073568233,0.03755827983367141,-0.2735155362040122
49.36,0.0324547857371757,-0.25248861053543353,0.037687443822997144,-0.2752207740387069
49.370000000000005,0.03215249702774254,-0.250417480126398,0.03778907077319289,-0.2767970450972697
49.38,0.03182519464011559,-0.2481399125794816,0.03786300445368868,-0.2782437573493652
49.39,0.031473109024323986,-0.24565831732456073,0.037909101731762075,-0.2795559436041508
49.4,0.031096491097544764,-0.24297220696563612,0.037927233287231646,-0.28071877922226096
49.410000000000004,0.0306956122945531,-0.24007913930787864,0.03791728511144653,-0.28171060010991955
49.42,0.03027076479843945,-0.2369758136123385,0.03787916064183433,-0.2825064017035123
49.43,0.029822261863627,-0.2336585633362467,0.03781278325040093,-0.2830794332304113
49.44,0.029350438164452857,-0.23012402793116615,0.03771809887170054,-0.2834033568297262
49.45,0.028855650099622165,-0.22637002087158167,0.03759507854626345,-0.2834550306417028
49.46,0.028338275931576194,-0.22239762992437462,0.03744372049298451,-0.2832211965705549
49.47,0.02779871562890863,-0.21821157490275644,0.03726405128844778,-0.28269967217990893
49.480000000000004,0.027237390435460248,-0.21381752607328602,0.0370561262222831,-0.28189092477091315
49.49,0.02665474231750499,-0.2092212600882783,0.03682002930214211,-0.28079544576847015
49.5,0.026051233377199914,-0.20442886951761902,0.036555873182546265,-0.27941445855498015
49.51,0.025427345242561607,-0.19944663522640482,0.03626379904560741,-0.2777495591188751
49.52,0.024783578434884292,-0.19428106694480268,0.03594397643207813,-0.2758028879765166
49.53,0.024120451715474934,-0.1889388593534922,0.035596603024314784,-0.27357703380885756
49.54,0.023438501413136387,-0.18342689011775795,0.03522190438142801,-0.27107506869112624
49.550000000000004,0.022738280734080275,-0.17775219672386874,0.034820133627805165,-0.2683005150382076
49.56,0.022020359055847226,-0.17192196377787936,0.03439157109598025,-0.26525734431330755
49.57,0.021285321206876335,-0.1659435050095353,0.03393652392516878,-0.2619499575821683
49.58,0.020533766733339787,-0.15982424793968658,0.0334553256168388,-0.2583831730014184
49.59,0.01976630915486702,-0.15357171730421607,0.032948335548875766,-0.25456220783353417
49.6,0.01898357521077245,-0.14719351926193658,0.03241593845000341,-0.25049266134306625
49.61,0.01818620409838101,-0.14069732544203103,0.031858543836255464,-0.24618049555578103
49.620000000000005,0.017374846705043977,-0.13409085737177856,0.031276585411392874,-0.2416320155578885
49.63,0.016550164835394194,-0.12738187107903493,0.03067052043326305,-0.23685384867091158
49.64,0.015712830435382383,-0.12057814203492777,0.03004082904817981,-0.23185292301378485
49.65,0.014863524814594261,-0.11368745041334052,0.02938801359547689,-0.22663644537900507
49.660000000000004,0.014002937868318232,-0.10671756673512102,0.02871259788444798,-0.2212118786439027
49.67,0.013131767300795143,-0.09967623791563393,0.028015126445935002,-0.21558691879118566
49.68,0.012250717851040992,-0.09257117375557798,0.027296163760862177,-0.2097694716850755
49.69,0.011360500522582334,-0.08541003390010823,0.02655629346803799,-0.20376762971060233
49.7,0.010461831818411349,-0.07820041529524113,0.025796117553557908,-0.19758964839889587
49.71,0.00955543298239873,-0.07094984016412956,0.02501625552414304,-0.1912439231483508
49.72,0.008642029248367876,-0.06366574452501378,0.024217343566737184,-0.18473896615154559
49.730000000000004,0.007722349097963639,-0.05635546726891168,0.023400033696664872,-0.1780833836302274
49.74,0.006797123528407863,-0.04902623981266827,0.022564992896619795,-0.17128585347601155
49.75,0.005867085331161691,-0.04168517634027524,0.021712902248712657,-0.1643551033874469
49.76,0.004932968382467251,-0.03433926464232912,0.020844456061756552,-0.15729988958767666
49.77,0.003995506946673781,-0.02699535756142277,0.019960360995909192,-0.1501289761995543
49.78,0.0030554349931963677,-0.01966016504800513,0.01906133518672522,-0.14285111534783096
49.79,0.0021134855278927326,-0.012340246829391027,0.01814810737059849,-0.13547502805033518
49.800000000000004,0.0011703899395813207,-0.005042005691673842,0.01722141601349485,-0.12800938595249228
49.81,0.00022687736236714603,0.0022283186276835613,0.016282008444791177,-0.12046279395176196
49.82,-0.0007163259456265564,0.009464654941145064,0.015330639997947511,-0.11284377375095188
49.83,-0.0016584972065782854,0.016661105513061655,0.014368073159645788,-0.10516074837186146
49.84,-0.0025989177098558547,0.02381195037093007,0.013395076728932408,-0.09742202765337103
49.85,-0.003536873381053287,0.030911651036600384,0.012412424987803927,-0.08963579475097706
49.86,-0.004471655332810159,0.03795485368975722,0.011420896884574622,-0.08181009364801088
49.870000000000005,-0.005402560397104755,0.04493639177787886,0.010421275231263329,-0.0739528176823378
49.88,-0.006328891638771114,0.051851288087983685,0.009414345916136803,-0.06607169908620393
49.89,-0.007249958850038026,0.05869475629728556,0.008400897132444006,-0.0581742995312681
49.9,-0.008165079025945786,0.06546220202077543,0.007381718624277127,-0.050268001665411025
49.910000000000004,-0.009073576820542092,0.07214922337384744,0.006357600950395138,-0.04236000162099905
49.92,-0.00997478498381032,0.07875161095680548,0.005329334766749689,-0.034457302461166794
49.93,-0.010868044779424399,0.08526534475174324,0.004297710128347319,-0.026566708948285445
49.94,-0.011752706383540399,0.09168659199718188,0.0032635158109587006,-0.01869482353690989
49.95,-0.012628129264960299,0.09801170208581081,0.002227538653053769,-0.010848043897226354
49.96,-0.013493682547263405,0.10423719692131837,0.0011905629181898768,-0.003032562100803448
49.97,-0.014348745354311758,0.11035974426734704,0.00015336967778937108,0.004745630423485154
49.980000000000004,-0.01519270714267149,0.11637609179211408,-0.000883263786455775,0.0124807256009764
49.99,-0.016024968030837243,0.12228286928134058,-0.0019185645632674834,0.020167041605506746
50.0,-0.016844939147336823,0.12807623122490883,-0.002951764681864496,0.027798921008349724
50.01,-0.017652042984112555,0.13375299391780512,-0.0039821016666070136,0.03537108738596423
50.02,-0.018445713699968388,0.13931083289065416,-0.005008819059275929,0.04287868825988496
50.03,-0.019225397362804913,0.14474760753361682,-0.006031166906477233,0.05031707884142157
50.04,-0.019990552165799827,0.15006117806782313,-0.007048402225994256,0.05768169255453213
50.050000000000004,-0.02074064863660106,0.15524951191862654,-0.008059789461393338,0.0649680853550189
50.06,-0.021475169832173565,0.1603108685327434,-0.009064600921211498,0.07217206668346106
50.07,-0.02219361150952897,0.16524375274067166,-0.010062117195645311,0.07928969088051459
50.08,-0.02289548227229056,0.17004687342847907,-0.011051627549799504,0.08631721749928964
50.09,-0.023580303695287866,0.17471916883861804,-0.012032430293835553,0.09325116925440345
50.1,-0.02424761042871206,0.17925974336506623,-0.01300383313047938,0.10008824977012415
50.11,-0.02489695028361107,0.18366789496568642,-0.013965153480828042,0.10682540765295967
50.120000000000005,-0.02552788430002235,0.18794306994845755,-0.014915718789578487,0.11345975019415042
50.13,-0.026139986798887935,0.1920848810288015,-0.015854866810301512,0.11998862021948074
50.14,-0.02673284541842502,0.19609308539963805,-0.016781945870630276,0.12640953261759663
50.15,-0.02730606113647286,0.19996755947717365,-0.017696315119837085,0.13272014649956082
50.160000000000004,-0.02785924827967421,0.2037083255326254,-0.018597344758507148,0.13891835980860792
50.17,-0.0283920345198544,0.20731551340472237,-0.019484416249459797,0.1450022033132065
50.18,-0.028904060859315135,0.2107893494001684,-0.020356922513824673,0.15096982302171497
50.19,-0.02939498160604502,0.21413016633054388,-0.021214268112591257,0.15681956579533105
50.2,-0.029864464339058247,0.2173383874524245,-0.022055869411085477,0.16254993618794122
50.21,-0.030312189865002177,0.22041450865870715,-0.022881154728551418,0.16815954017578827
50.22,-0.030737852167468157,0.2233590912195789,-0.02368956447648344,0.17364708462596168
50.230000000000004,-0.031141158349792926,0.22617275961762404,-0.024480551285097806,0.17901143387767618
50.24,-0.03152182857191389,0.22885619084579945,-0.025253580116065707,0.18425158053472346
50.25,-0.031879595982223126,0.2314101020241444,-0.026008128362854568,0.18936661238910338
50.26,-0.032214206645487915,0.23383524289865448,-0.026743685941121465,0.1943557047980061
50.27,-0.032525419467760566,0.23613238595524508,-0.027459755370845995,0.19921809933515694
50.28,-0.03281300611912218,0.23830232002983762,-0.028155851849923662,0.20395315181763365
50.29,-0.03307675095500611,0.24034584205741433,-0.028831503318065912,0.20856030663266056
50.300000000000004,-0.03331645093689099,0.24226374826479746,-0.029486250512106477,0.2130390715287528
50.31,-0.03353191556754634,0.24405636207302453,-0.030119647013240717,0.2173890572466178
50.32,-0.03372296707638643,0.24571666272415424,-0.030731259268610474,0.22161050011871025
50.33,-0.03388944129598732,0.24722729037493058,-0.031320666553603334,0.22570449029114428
50.34,-0.034031189277366355,0.24856819328330287,-0.03188746087195825,0.22967236637476346
50.35,-0.03414807918195807,0.24972128153562823,-0.03243124683059851,0.23351534155696124
50.36,-0.03423999799999302,0.2506726783642542,-0.032951641525285354,0.2372343196548065
50.370000000000005,-0.03430685277822317,0.25141641157424416,-0.03344827446259454,0.2408296025303147
50.38,-0.0343485711907537,0.2519524512659582,-0.03392078753160623,0.2443010422421609
50.39,-0.03436510163074932,0.2522817254776041,-0.03436883501160531,0.2476484290039592
50.4,-0.034356413134917996,0.25240524571538847,-0.03479208359162838,0.25087155590588905
50.410000000000004,-0.0343224952741213,0.25232437591231055,-0.03519021239178084,0.25397019350374067
50.42,-0.03426335801846133,0.252040691390327,-0.0355629129860964,0.2569440964065341
50.43,-0.03417903157655302,0.251556041556681,-0.03590988942739412,0.2597929942730916
50.44,-0.034069566209920146,0.2508725094047064,-0.03623085827447086,0.2625165910628382
50.45,-0.033935032022970275,0.2499924213157082,-0.03652554862198068,0.26511456061200994
50.46,-0.033775518729372275,0.24891833044229372,-0.036793702133300736,0.26758654449741487
50.47,-0.033591135395602684,0.24765301207569385,-0.037035073076664475,0.2699321492000769
50.480000000000004,-0.03338201016257856,0.24619945184857955,-0.03724942836480774,0.27215094405523865
50.49,-0.03314828994633461,0.24456083640842013,-0.037436547598347907,0.2742424592361886
50.5,-0.032890140118790614,0.24274054181535265,-0.03759622311308609,0.2762061841374313
50.51,-0.032607744169719934,0.24074212211589557,-0.03772826003139578,0.2780415659623261
50.52,-0.03230130335108298,0.23856929695384368,-0.037832476317835526,0.2797480085992022
50.53,-0.03197103630625221,0.23622589701632157,-0.03790870284317574,0.28132473953241427
50.54,-0.0316171787348262,0.23371431624977215,-0.03795678361303811,0.2827659627290269
50.550000000000004,-0.03123998323353642,0.2310334704940457,-0.037976576600918334,0.28405445064187995
50.56,-0.03083971941174531,0.22817986249657668,-0.037967955492614155,0.28516495165191713
50.57,-0.030416674228857687,0.22514889126071308,-0.03793081217103389,0.2860683804308165
50.58,-0.02997115244877408,0.22193547430908567,-0.03786505960468597,0.28673384155669585
50.59,-0.029503477128652655,0.21853489488811687,-0.037770634872783204,0.2871313628333518
50.6,-0.02901399004360664,0.21494423561630316,-0.03764750201079556,0.2872364706768102
50.61,-0.02850305187789084,0.21116503192179953,-0.03749565413720835,0.28703859179834956
50.620000000000005,-0.027971042066590197,0.20720186586898742,-0.03731511449221213,0.28653664697115244
50.63,-0.02741835838786488,0.20305967539085373,-0.03710593670055791,0.2857306076882021
50.64,-0.02684541647247288,0.19874355791023327,-0.03686820478038793,0.2846209187829874
50.65,-0.026252649292052285,0.19425881503966785,-0.03660203308772937,0.2832086800204094
50.660000000000004,-0.025640506629152685,0.18961090978323578,-0.03630756620201015,0.2814955514574699
50.67,-0.025009454530231425,0.184805466979268,-0.03598497875245751,0.27948379317272243
50.68,-0.02435997474310088,0.17984825168180502,-0.03563447518625143,0.2771762340392217
50.69,-0.023692564140223492,0.17474515823535414,-0.035256289479173135,0.27457627229090037
50.7,-0.02300773412932668,0.16950219375863007,-0.03485068478992143,0.2716878566091392
50.71,-0.02230601005279081,0.16412546427913272,-0.03441795305941068,0.2685154735023977
50.72,-0.021587930577299515,0.15862115949412564,-0.033958414556634155,0.2650641282492235
50.730000000000004,-0.020854047075212736,0.15299553826760323,-0.03347241737286976,0.26133932595214926
50.74,-0.02010492299914063,0.14725491390382453,-0.03296033686621547,0.25734704963125254
50.75,-0.019341133251169762,0.14140563977072737,-0.03242257505862445,0.2530937371154103
50.76,-0.018563263548181646,0.135454095077629,-0.031859559987783684,0.24858625609088666
50.77,-0.01777190978467578,0.12940667099277606,-0.0312717450163343,0.24383187788047853
50.78,-0.016967677394481677,0.12326975709233845,-0.030659608101070226,0.23883824993097438
50.79,-0.016151180712705823,0.11704972822486588,-0.03002365102487219,0.2336133672932762
50.800000000000004,-0.015323042339223597,0.1107529318247886,-0.0293643985942355,0.2281655432321742
50.81,-0.014483892504970909,0.10438567572839194,-0.028682397805334145,0.2225033791797354
50.82,-0.013634368442255525,0.09795421653063391,-0.0279782169816267,0.21663573420831195
50.83,-0.012775113760236156,0.09146474852282108,-0.027252444886056687,0.21057169421608626
50.84,-0.011906777826673012,0.0849233932444157,-0.026505689810925367,0.2043205410050352
50.85,-0.011030015156982499,0.07833618967951311,-0.025738578648525447,0.19789172143072498
50.86,-0.010145484811573178,0.07170908512321739,-0.024951755945613236,0.19129481679446506
50.870000000000005,-0.00925384980236313,0.06504792673966288,-0.02414588294477289,0.1845395126415583
50.88,-0.00835577650931976,0.058358453828118176,-0.02332163661568241,0.17763556911986972
50.89,-0.007451934107782662,0.051646290809963316,-0.022479708679235235,0.17059279204306643
50.9,-0.006542994007268355,0.044916940944175844,-0.02162080462739799,0.1634210047919778
50.910000000000004,-0.005629629302372324,0.038175780775201104,-0.020745642741601424,0.15613002117592828
50.92,-0.004712514236322705,0.03142805531223738,-0.019854953112363224,0.14872961936387527
50.93,-0.0037923236776521733,0.02467887393524695,-0.018949476662735134,0.1412295169826438
50.94,-0.002869732610401449,0.017933207018650334,-0.018029964178047506,0.13363934746701012
50.95,-0.0019454156381755719,0.011195883260161597,-0.017097175344300778,0.12596863773356476
50.96,-0.0010200465023206021,0.0044715876983795234,-0.016151877797418644,0.11822678723770787
50.97,-9.429761441236271e-05,-0.0022351396003315004,-0.01519484618544058,0.11042304846065053
50.980000000000004,0.000831160396819669,-0.008919904208268653,-0.014226861245587455,0.1025665088611938
50.99,0.0017556591240663222,-0.015578457381385113,-0.0132487088979876,0.09466607431533633
51.0,0.002678532805513461,-0.022206695510586412,-0.0122611793577022,0.08673045405556233
51.01,0.003599118734476523,-0.028800659009159967,-0.011265066266539163,0.0787681471110334
51.02,0.00451675765470502,-0.03535653066869186,-0.010261165845994246,0.07078743024003323
51.03,0.00543079414152759,-0.04187063354476651,-0.009250276072508746,0.06279634738733447
51.04,0.006340576969044797,-0.048339428553001065,-0.008233195876076876,0.054802700783531506
51.050000000000004,0.007245459463527657,-0.054759514478513016,-0.007210724363011568,0.046814045725754816
51.06,0.008144799843279612,-0.06112762125010098,-0.006183660063563848,0.038837682100253026
51.07,0.009037961545289939,-0.06744060977475864,-0.005152800205163687,0.030880646383739663
51.08,0.009924313538797802,-0.07369547242632363,-0.004118940011854897,0.02294971130076545
51.09,0.010803230625680931,-0.07988933508230923,-0.00308287203028117,0.015051379905826457
51.1,0.011674093727420495,-0.08601946148625246,-0.002045385482624558,0.00719188226782698
51.11,0.012536290157561832,-0.09208328003513874,-0.0010072656469565903,-0.0006228303312301441
51.120000000000005,0.013389213876243658,-0.09807844876558441,3.070673413534226e-05,-0.008387101972889673
51.13,0.014232265717843239,-0.10400302479578877,0.00106775601437057,-0.01609561550037004
51.14,0.015064853576983424,-0.10985563014821004,0.0021031121702165313,-0.023743436428006248
51.15,0.0158863925734779,-0.11563441304172524,0.0031360112984200944,-0.031325737371283406
51.160000000000004,0.016696305242871506,-0.12133709286027741,0.004165696096803517,-0.03883781651091898
51.17,0.017494021753707095,-0.12696151400099218,0.0051914163280765155,-0.04627525293446689
51.18,0.01827898011943339,-0.13250576894036248,0.006212429255124934,-0.05363402023713105
51.19,0.019050626393145944,-0.13796803002607966,0.007228000042088293,-0.06091038944879816
51.2,0.019808414856194455,-0.14334638261092253,0.008237402127433565,-0.06810081053425883
51.21,0.020551808210327004,-0.14863888601848954,0.009239917576390127,-0.07520192557166891
51.22,0.021280277773967526,-0.15384356251504192,0.010234837415496073,-0.08221053452258227
51.230000000000004,0.021993303680363938,-0.15895844891306715,0.011221461948851277,-0.08912365468054058
51.24,0.022690375076596735,-0.16398155339133436,0.012199101056373975,-0.09593843788836431
51.25,0.023370990323139343,-0.1689109013712532,0.013167074474555437,-0.10265224891338473
51.26,0.024034657193541725,-0.17374450334682318,0.014124712060112798,-0.10926258011208143
51.27,0.024680893074310626,-0.17848037445759282,0.015071354037488252,-0.11576710707161518
51.28,0.02530922516450299,-0.18311653921920779,0.016006351229559204,-0.12216367481848361
51.29,0.025919190675293104,-0.18765100278821048,0.01692906527356813,-0.12845021920846714
51.300000000000004,0.026510337029750718,-0.19208178628438866,0.017838868823245427,-0.13462486996346815
51.31,0.02708222206201148,-0.1964069148014065,0.018735145735185147,-0.14068589903576986
51.32,0.027634414216104613,-0.20062440525441694,0.019617291241735467,-0.1466316640321839
51.33,0.028166492744965927,-0.20473227659280796,0.020484712113193856,-0.15246064131645104
51.34,0.028678047909085295,-0.2087285589227278,0.021336826807710454,-0.15817146099383417
51.35,0.029168681174284825,-0.21261128843506671,0.022173065607796097,-0.16376286557383013
51.36,0.029638005408846556,-0.2163785022332294,0.022992870746120646,-0.16923366673654902
51.370000000000005,0.030085645080176283,-0.22002824445772282,0.02379569652283689,-0.1745827684263182
51.38,0.030511236450695815,-0.2235585695507593,0.024581009414062736,-0.17980916948722384
51.39,0.030914427772608624,-0.22696754453285461,0.025348288170850553,-0.18491196643474672
51.4,0.031294879481261376,-0.2302532519709341,0.026097023908489916,-0.1898903523637171
51.410000000000004,0.03165226438697961,-0.2334137875084591,0.02682672018768006,-0.19474356717434207
51.42,0.03198626786535419,-0.23644726322812215,0.027536893089666097,-0.19947090996726216
51.43,0.03229658804574541,-0.23935181158097077,0.028227071285400737,-0.20407174901413463
51.44,0.032582935997697814,-0.24212558670479722,0.028896796098416645,-0.2085455081217467
51.45,0.03284503591778991,-0.24476667795142923,0.029545621561697474,-0.21289167273621806
51.46,0.03308262546165258,-0.2472685582304015,0.030173114457649072,-0.217110141991237
51.47,0.03329545663603278,-0.24961398088612347,0.030778854309146737,-0.22120169898897618
51.480000000000004,0.03348329745551154,-0.2517810289293672,0.03136243330647675,-0.22516752486908412
51.49,0.033645933993318736,-0.2537493472019819,0.03192345620009519,-0.22900870598203424
51.5,0.03378317234039877,-0.25550203898230317,0.03246154019770263,-0.23272608629521097
51.51,0.03389484015196688,-0.25702903507369845,0.032976314890700166,-0.23632000688418944
51.52,0.033980787567175,-0.2583274369462387,0.03346742222659504,-0.23979028020959972
51.53,0.0340408875774464,-0.25939636492645546,0.03393451652141998,-0.24313659011146507
51.54,0.03407503615204497,-0.2602349842174647,0.03437726448820765,-0.2463586444871342
51.550000000000004,0.034083152306316956,-0.26084295176638117,0.03479534526721777,-0.24945613842779588
51.56,0.0340651781364469,-0.2612201918564033,0.035188450456258326,-0.2524287692657215
51.57,0.034021078819606934,-0.26136700578861494,0.0355562841414174,-0.2552762257717862
51.58,0.03395084258033956,-0.26128401278825064,0.035898562928369265,-0.25799819051794964
51.59,0.03385448062320026,-0.2609721736248663,0.03621501597447397,-0.2605943358747794
51.6,0.03373202703226569,-0.2604327712262861,0.03650538502183962,-0.263064323398167
51.61,0.03358353863798562,-0.25966741121240894,0.03676942443152131,-0.26540780171057404
51.620000000000005,0.033409094852073634,-0.258678010937875,0.03700690121900995,-0.2676244053109871
51.63,0.0332087974711841,-0.2574667928246847,0.03721759509115639,-0.26971375308130197
51.64,0.032982770450233526,-0.2560362741669985,0.03740129848466482,-0.27167544709211394
51.65,0.0327311596463095,-0.2543892574031108,0.037557816606280534,-0.2735090713929447
51.660000000000004,0.03245413253419924,-0.2525288189448771,0.03768696747478761,-0.275214190932158
51.67,0.03215187789463906,-0.25045829761513017,0.03778858196492583,-0.2767903505221243
51.68,0.03182460547770278,-0.24818124219699644,0.03786250385722775,-0.2782369475208286
51.69,0.03147254568672974,-0.24570003194184384,0.03790859003310631,-0.2795489218720128
51.7,0.031095949404890334,-0.24301416177103358,0.037926711196011834,-0.28071139491791874
51.71,0.03069508804674986,-0.24012120086636762,0.03791675337378022,-0.2817027396239805
51.72,0.030270253788094188,-0.23701787030965107,0.037878620050274765,-0.2824980208824895
51.730000000000004,0.029821759886791456,-0.23370053098346127,0.037812234647051794,-0.2830705745271149
51.74,0.029349941028800786,-0.23016584775014737,0.03771754314322116,-0.283394142436272
51.75,0.028855153630428718,-0.2264116468050889,0.03759451661201888,-0.2834456218796746
51.76,0.028337775977344094,-0.22243899066415704,0.03744315329220541,-0.2832116732114306
51.77,0.027798208068499933,-0.21825258233566164,0.037263479772360934,-0.2826900584204256
51.78,0.027236871186480594,-0.21385809449146007,0.03705555135045583,-0.28188124939235726
51.79,0.026654207344871506,-0.20926130447352942,0.03681945203974224,-0.28078573615575625
51.800000000000004,0.02605067870156936,-0.20446830661442317,0.03655529449753665,-0.27940474352637473
51.81,0.02542676694860883,-0.19948538321118914,0.036263219905902824,-0.27773986733088485
51.82,0.02478297267941392,-0.1943190457909979,0.03594339780266857,-0.27579324853616954
51.83,0.024119814735357094,-0.18897599084226413,0.035596025864371494,-0.273567475778168
51.84,0.02343782953304949,-0.18346309801961966,0.0352213296414033,-0.2710656211426598
51.85,0.022737570374052954,-0.17778740688838646,0.034819562246539384,-0.26829120683341384
51.86,0.02201960673858551,-0.17195610426296953,0.03439100399782869,-0.26524820401902804
51.870000000000005,0.021284523564864887,-0.16597650618440402,0.033935962017161474,-0.261941013318815
51.88,0.020532920515706737,-0.15985604259447078,0.033454769785886046,-0.25837445232727163
51.89,0.019765411234002384,-0.15360224074970175,0.03294778665903195,-0.25455373761411376
51.9,0.018982622588688505,-0.14722270942757332,0.03241539733980173,-0.25048446763225624
51.910000000000004,0.01818519391280961,-0.1407251229681184,0.03185801131612529,-0.2461726034764695
51.92,0.01737377623525432,-0.1341172056977609,0.031276062261172,-0.2416244491893172
51.93,0.016549031507730766,-0.1274067165268582,0.03067000739981537,-0.23684663094014552
51.94,0.015711631828507718,-0.1206014338879357,0.03004032684312999,-0.23184607559353973
51.95,0.01486225866443538,-0.1137091409903083,0.029387522893071148,-0.22662998859161218
51.96,0.014001602072703519,-0.10673761145958502,0.028712119319551456,-0.2212058313723118
51.97,0.013130359923780118,-0.09969459538037245,0.0280146606121738,-0.21558129839728926
51.980000000000004,0.012249237126912619,-0.09258780578216305,0.027295711208918508,-0.2097642939358589
51.99,0.011358944859540948,-0.0854249055936474,0.02655585470410526,-0.20376290871241412
52.0,0.010460199801918793,-0.07821349509405857,0.025795693037962895,-0.1975853965401571
52.01,0.0095537233781947,-0.07096109988455793,0.025015845670139942,-0.1912401510509144
52.02,0.008640241005143792,-0.0636751594012143,0.024216948739478984,-0.18473568263086815
52.03,0.007720481349696689,-0.056363015987668214,0.023399654212355313,-0.17808059566446774
52.04,0.006795175596345809,-0.049031904543274954,0.02256462902184938,-0.17128356618406423
52.050000000000004,0.005865056725462281,-0.04168894275935625,0.021712554199980343,-0.16435332001592576
52.06,0.004930858803482524,-0.0343411219537882,0.020844124005178738,-0.15729861150673907
52.07,0.003993316285884928,-0.026995298511311962,0.019960045047115904,-0.15012820290745774
52.08,0.0030531633337923755,-0.019658185934488433,0.019061035410943204,-0.1428508444840096
52.09,0.002111133144994692,-0.012336347507617727,0.018147823782919688,-0.13547525541680372
52.1,0.00116795730011303,-0.005036189573731552,0.017221148579327866,-0.12801010554326803
52.11,0.00022436512456912067,0.0022360445779529524,0.016281757080493012,-0.12046399799001009
52.120000000000005,-0.0007189169330372234,0.009474280218342214,0.015330404571631614,-0.11284545273350327
52.13,-0.0016611659055981145,0.016672616085567037,0.014367853492161515,-0.10516289112074065
52.14,-0.002601662894739557,0.023825328701322618,0.01339487259501144,-0.09742462137389843
52.15,-0.003539693640205101,0.03092687610724242,0.012412236117366953,-0.08963882509605194
52.160000000000004,-0.0044745490710214695,0.0379719010335787,0.01142072296419224,-0.08181354478811535
52.17,-0.005405525838134197,0.04495523351422598,0.010421115905764016,-0.07395667238081224
52.18,-0.006331926828263904,0.05187189296371494,0.009414200790354325,-0.06607593877930443
52.19,-0.0072530616587793695,0.05871708973294934,0.00840076577309615,-0.058178904412536814
52.2,-0.008168247153444634,0.06548622616190641,0.007381600561967432,-0.05027295077383928
52.21,-0.00907680779893779,0.07217489714631173,0.006357495681728618,-0.04236527293184063
52.22,-0.009978076182100275,0.07877889009980438,0.0053292417565535275,-0.034462872979627496
52.230000000000004,-0.010871393408018406,0.08529418147484255,0.004297628811984723,-0.026572554882854905
52.24,-0.011756109499138799,0.09171693556050525,0.0032634455967242093,-0.01870092033519284
52.25,-0.012631583775751765,0.09804349833013698,0.0022274789246385968,-0.010854366459140603
52.26,-0.013497185218446851,0.10427038843901928,0.0011905130372043904,-0.003039084823892781
52.27,-0.014352292813928656,0.11039427083320763,0.00015332898633768367,0.004738933693809146
52.28,-0.015196295887684156,0.11641189176787345,-0.0008832959631324907,0.012473882046047605
52.29,-0.016028594433112896,0.12231988801455002,-0.0019185889139656468,0.0201600823236346
52.300000000000004,-0.016848599459072258,0.12811442184958682,-0.0029517819062264525,0.027791882046474824
52.31,-0.017655733343650382,0.1337922799728251,-0.003982112471831342,0.03536399753484711
52.32,-0.018449430139291484,0.13935112589808088,-0.005008824157170727,0.042871573643574634
52.33,-0.01922913581610681,0.14478882222024672,-0.0060311670107173225,0.05030996790743531
52.34,-0.01999430847813748,0.15010322882296195,-0.007048398049257614,0.057674615682545456
52.35,-0.02074441857263398,0.15529230874964622,-0.008059781712425704,0.06496107068148683
52.36,-0.02147894908532646,0.16035431481499324,-0.00906459030207198,0.07216513885348483
52.370000000000005,-0.022197395711691745,0.16528774772570556,-0.010062104399271077,0.07928287123528217
52.38,-0.022899267003952076,0.17009131293914206,-0.011051613257887938,0.08631052465134388
52.39,-0.023584084495968907,0.17476394698732264,-0.012032415174964041,0.09324462060452857
52.4,-0.024251382807611754,0.17930475203453122,-0.013003817838418098,0.10008186019195268
52.410000000000004,-0.02490070973042615,0.183713024967882,-0.013965138653042438,0.10681919069847053
52.42,-0.025531626295883417,0.18798821123567916,-0.01491570504589543,0.11345371787805039
52.43,-0.02614370682736606,0.1921299230899846,-0.0158548547517242,0.11998278306678742
52.44,-0.026736538976574516,0.19613791772047284,-0.016781936078292783,0.12640390000887364
52.45,-0.027309723745867338,0.20001207182531858,-0.01769630815408689,0.132714726487533
52.46,-0.027862875497400484,0.20375240837955427,-0.01859734115810547,0.13891315950480856
52.47,-0.028395621949432612,0.207359058175216,-0.019484416530895072,0.14499722853565603
52.480000000000004,-0.02890760416151013,0.2108322488224016,-0.020356927170742282,0.15096507852304056
52.49,-0.029398476509537634,0.21417231480947255,-0.021214277615325034,0.15681505558203457
52.5,-0.029867906650942872,0.21737968134142538,-0.02205588420627338,0.1625456634303051
52.51,-0.030315575481081027,0.22045484649888525,-0.02288117523884559,0.1681555068323448
52.52,-0.030741177082317626,0.22339837405080432,-0.02368959110036292,0.17364329180808266
52.53,-0.031144418666570126,0.22621089128684044,-0.024480584396765724,0.1790078821242448
52.54,-0.03152502051187804,0.22889307824289756,-0.025253620065413547,0.18424826967340813
52.550000000000004,-0.03188271589394388,0.231445655330072,-0.026008175475493757,0.18936354159911703
52.56,-0.032217251013717474,0.23386937580507275,-0.026743740518487043,0.1943528724259628
52.57,-0.03252838492194999,0.23616501587950164,-0.027459817690375702,0.19921550304513574
52.58,-0.03281588944155709,0.23833336833787797,-0.028155922165302254,0.20395078880312412
52.59,-0.03307954908854124,0.24037523425483723,-0.02883158185952194,0.208558173590861
52.6,-0.033319160992268136,0.24229141417248606,-0.02948633748675734,0.21303716469342662
52.61,-0.03353453483008358,0.24408224211836596,-0.03011974260549836,0.21738737196929078
52.620000000000005,-0.033725493010996706,0.24574073168805946,-0.03073136364072219,0.22160902908121063
52.63,-0.03389187154967701,0.24724954284197742,-0.03132077984638781,0.22570322469696988
52.64,-0.034033521679942245,0.24858862809635646,-0.03188758320567415,0.22967129722053284
52.65,-0.03415031174600449,0.2497399016550426,-0.03243137830585686,0.23351445969636878
52.660000000000004,-0.03424212892069468,0.2506894822854208,-0.03295178222395597,0.23723361651298908
52.67,-0.03430888043394024,0.2514313779662504,-0.033448424448631074,0.24082907134074982
52.68,-0.03435049414482681,0.25196555335323567,-0.03392094685174915,0.24430067695047633
52.69,-0.03436691863378898,0.25229294225502796,-0.0343690036960179,0.24764822342047013
52.7,-0.03435812312681333,0.2524145594088161,-0.03479226165452278,0.25087150393372665
52.71,-0.03432409738563807,0.2523317732307678,-0.03519039983204134,0.25397028906990043
52.72,-0.034264851572433676,0.2520461628700029,-0.035563109787896785,0.2569443335381715
52.730000000000004,-0.03418041608867199,0.25155958184840777,-0.03591009556080637,0.25979336709696504
52.74,-0.034070841389121594,0.250874117079802,-0.03623107369606288,0.2625170938389304
52.75,-0.033936197771426375,0.24999209890345367,-0.03652577327540078,0.2651151877458001
52.76,-0.03377657514208992,0.24891608434305298,-0.036793935949847326,0.2675872905585778
52.77,-0.03359208275963577,0.24764885252825286,-0.037035315975839034,0.2699330089337525
52.78,-0.033382848955857525,0.2461933928629488,-0.03724968025485013,0.2721519123928755
52.79,-0.033149020836121756,0.24455289570894762,-0.03743680837675273,0.27424353130257345
52.800000000000004,-0.03289076395976472,0.24273074077212223,-0.03759649266709957,0.27620735525570483
52.81,-0.03260826200169876,0.24073048567576122,-0.03772853823849273,0.2780428316562299
52.82,-0.0323017163963921,0.23855585356573691,-0.03783276304617572,0.279749364593108
52.83,-0.031971345966765166,0.23621067788748265,-0.03790899795210521,0.28132617964811735
52.84,-0.03161738658886861,0.23369735042924963,-0.03795708695420715,0.2827674637084315
52.85,-0.031240091032771075,0.23101478941586162,-0.037976888020351963,0.28405598690214623
52.86,-0.03083972907763297,0.2281595089580741,-0.03796827483242351,0.2851665238858769
52.870000000000005,-0.03041658784805125,0.22512692301395842,-0.03793113926871152,0.2860700270489916
52.88,-0.02997097226702566,0.22191196615349607,-0.03786539428864974,0.286735645339081
52.89,-0.029503205543137977,0.2185099361658871,-0.037770976953857206,0.28713344305662536
52.9,-0.02901362959428385,0.2149179128603959,-0.03764785127156927,0.2872389285616967
52.910000000000004,-0.028502605239440974,0.21113740809297868,-0.03749601032412658,0.28704144560922373
52.92,-0.027970512041759894,0.20717299813899503,-0.037315477312930445,0.28653988863806684
52.93,-0.02741774790144392,0.20302962485091994,-0.037106305824094084,0.28573423375989565
52.94,-0.02684472856517098,0.19871238641134692,-0.03686857983771911,0.28462492082451213
52.95,-0.026251887114198635,0.19422658661254952,-0.03660241367254813,0.2832130494437684
52.96,-0.025639673434236444,0.18957768976862954,-0.03630795187166411,0.2815002771485029
52.97,-0.025008553668287865,0.18477132230385895,-0.03598536902905595,0.27948886273648027
52.980000000000004,-0.02435900965395906,0.17981325056207986,-0.03563486955794086,0.2771816332517461
52.99,-0.02369153834662289,0.17470937016795252,-0.0352566874015731,0.274581985463171
53.0,-0.023006651229913192,0.16946568936784612,-0.0348510856877164,0.27169386650941746
53.01,-0.022304873715006272,0.1640883152359115,-0.03441835632808871,0.268521761513132
53.02,-0.021586744530170333,0.15858343839923084,-0.03395881956436556,0.26507067441944016
53.03,-0.020852815102051662,0.15295731855238576,-0.033472823462515934,0.2613461091138743
53.04,-0.020103648930170165,0.14721626972162793,-0.03296074335745834,0.2573540474945758
53.050000000000004,-0.019339820956080892,0.14136664589221046,-0.03242298125020569,0.25310092638370957
53.06,-0.018561916928633383,0.13541482678317476,-0.03185996515984333,0.24859361257421586
53.07,-0.017770532766751734,0.1293672039652707,-0.03127214843283625,0.2438393766168375
53.08,-0.016966273921110584,0.12323016730841813,-0.030660009012303403,0.23884586530929636
53.09,-0.01614975473605924,0.11701009184562695,-0.03002404867001434,0.23362107317986974
53.1,-0.015321597813098177,0.11071332508522344,-0.02936479220396771,0.22817331309843034
53.11,-0.014482433377173077,0.10434617482593553,-0.028682786604492465,0.22251118623085567
53.120000000000005,-0.013632898646991423,0.09791489751256419,-0.02797860019187892,0.21664355151187098
53.13,-0.012773637210524354,0.0914256871726341,-0.027252821728590594,0.21057949482975644
53.14,-0.01190529840678746,0.08488466496714182,-0.02650605950913666,0.2043282981025651
53.15,-0.011028536714940885,0.07829786938598177,-0.025738940430691755,0.1978994084254609
53.160000000000004,-0.010144011151677117,0.07167124711341943,-0.024952109047542907,0.19130240745964258
53.17,-0.009252384677808409,0.06501064458511842,-0.0241462266124157,0.18454698122673263
53.18,-0.008354323614880798,0.05832180025351987,-0.02332197010769154,0.17764289046281403
53.19,-0.007450497072590148,0.05161033757403825,-0.0224800312694685,0.17059994167661247
53.2,-0.006541576387685836,0.044881758720038537,-0.021621115607348477,0.16342795904526683
53.21,-0.0056282345749883765,0.038141439030225786,-0.020745941422746935,0.156136757269655
53.22,-0.004711145791067058,0.031394622187758105,-0.01985523882842547,0.14873611549909993
53.230000000000004,-0.003790984811051636,0.02464641612615327,-0.018949748771839595,0.1412357524229078
53.24,-0.002868426518981426,0.017901789653263334,-0.01803022206477624,0.13364530261345198
53.25,-0.0019441454120265609,0.01116556978049277,-0.017097418421630185,0.12597429419286163
53.26,-0.0010188151188356555,0.004442439741166681,-0.016152105508536112,0.11823212788268274
53.27,-9.310793220944184e-05,-0.002263062321615883,-0.015195058005433625,0.1104280574834831
53.28,0.0008323056437773741,-0.00894654402002976,-0.014227056683000202,0.10257117181917844
53.29,0.0017567573321439409,-0.015603758764959117,-0.013248887496240338,0.09467037816921006
53.300000000000004,0.0026795815068570653,-0.022230605215287462,-0.012261340696369992,0.08673438720045988
53.31,0.0036001156022358147,-0.028823126163111754,-0.011265209962486675,0.07877169940018103
53.32,0.004517700508015004,-0.03537750688743276,-0.010261291554364546,0.07079059300143606
53.33,0.0054316809502373675,-0.04189007304498205,-0.009250383487563745,0.06279911345303633
53.34,0.006341405858180182,-0.0483572883323694,-0.008233284731886354,0.05480506453221233
53.35,0.007246228717469538,-0.054775754662478464,-0.007210794433979235,0.046816003383006614
53.36,0.008145507909648346,-0.06114220453390304,-0.006183711164794528,0.03883923107634205
53.370000000000005,0.009038607038531082,-0.06745350247366247,-0.0051528321926921005,0.0308817855013065
53.38,0.0099248952434432,-0.07370664380544957,-0.004118952782736452,0.022950440821319754
53.39,0.010803747499286368,-0.07989875782226022,-0.003082865522544707,0.015051701360532833
53.4,0.011674544903175767,-0.0860271115120264,-0.002045359675092257,0.0071917985326539965
53.410000000000004,0.01253667494662053,-0.09208913487864191,-0.001007220558925055,-0.0006233148536142666
53.42,0.013389531769961252,-0.09808248427074923,3.077104338939231e-05,-0.00838798050242139
53.43,0.014232516390626728,-0.10400519865510868,0.00106783944643522,-0.016096874679747433
53.44,0.015065036890276325,-0.10985589319555106,0.002103214588880224,-0.02374505907817058
53.45,0.015886508579301073,-0.11563275293814969,0.0031361325310967857,-0.03132771376197749
53.46,0.01669635418525284,-0.12133351093493408,0.004165835935632448,-0.038840137998345944
53.47,0.017494004068867804,-0.12695600634343554,0.005191574531009116,-0.04627790478983575
53.480000000000004,0.018278896435971893,-0.13249833141777767,0.006212605547483918,-0.05363698146138911
53.49,0.019050477532064233,-0.13795866718547317,0.007228194118529879,-0.06091363992705169
53.5,0.01980820183015892,-0.14333511009159547,0.008237613653888306,-0.06810433343218672
53.51,0.020551532222023293,-0.14862572543214053,0.009240146191823659,-0.07520570407967551
53.52,0.021279940213700534,-0.1538285433533375,0.01023508273352878,-0.08221455425410792
53.53,0.02199290612297159,-0.15894160649943545,0.011221723559231176,-0.08912790210101468
53.54,0.022689919277750874,-0.16396292860385586,0.012199378526345383,-0.09594289991779581
53.550000000000004,0.02337047821509263,-0.16889054047597946,0.013167367350170186,-0.10265691305600344
53.56,0.02403409088034806,-0.1737224576081012,0.01412501986749432,-0.10926743415223622
53.57,0.02468027482653571,-0.17845670029497357,0.015071676284035839,-0.11577213990173064
53.58,0.025308557413451522,-0.1830912973813372,0.016006687405110194,-0.1221688747302433
53.59,0.025918476006789586,-0.18762425835692223,0.01692941485156856,-0.1284555744533687
53.6,0.026509578177477372,-0.19205360915393563,0.017839231261856457,-0.13463037130689148
53.61,0.02708142190041477,-0.19637737844098774,0.01873552047830995,-0.1406915358130957
53.620000000000005,0.027633575752926832,-0.20059358666740945,0.019617677720086605,-0.14663742492400875
53.63,0.02816561911342108,-0.2047002564693694,0.02048510974539205,-0.1524665159325284
53.64,0.02867714235967485,-0.20869542167477356,0.021337235001261938,-0.15817744178993648
53.65,0.02916774706627496,-0.2125771212036014,0.022173483759963565,-0.16376894329025113
53.660000000000004,0.029637046201464824,-0.21634339469516028,0.02299329824485291,-0.16923983111844537
53.67,0.030084664323552005,-0.21999228893937373,0.023796132747749246,-0.17458901023990928
53.68,0.030510237776558802,-0.2235218605700167,0.02458145373738496,-0.17981547952807145
53.69,0.030913414884761053,-0.22693017889871603,0.02534873995825501,-0.1849183386629637
53.7,0.03129385614584706,-0.2302153280902544,0.02609748251979886,-0.18989677956168968
53.71,0.03165123442259768,-0.23337540505618357,0.026827184977604224,-0.1947500409417624
53.72,0.031985235133045256,-0.23640852308625898,0.027537363408598425,-0.19947742274617333
53.730000000000004,0.03229555643887441,-0.2393128154864403,0.028227546480185713,-0.2040782934128553
53.74,0.032581909431756866,-0.2420864369954655,0.02889727551308319,-0.20855207710958207
53.75,0.032844018319997365,-0.24472748223641916,0.029546104538172094,-0.21289825921669284
53.76,0.03308162075868406,-0.247229476043057,0.030173600336578073,-0.2171167351819209
53.77,0.03329446873932547,-0.24957516407429806,0.030779342430871787,-0.22120828905999923
53.78,0.03348233024827316,-0.2517425532956888,0.031362923011842195,-0.225174108268012
53.79,0.03364499132338774,-0.2537112258546844,0.03192394683076644,-0.2290152843026322
53.800000000000004,0.033782258018376005,-0.2554642632933084,0.0324620310960477,-0.23273266303091217
53.81,0.03389395794999567,-0.256991650492977,0.03297680539959937,-0.236326581499001
53.82,0.033979941214248535,-0.2582905290396622,0.03346791168950294,-0.23979684919996727
53.83,0.03404008075171458,-0.2593600178399056,0.0339350042826455,-0.2431431502193062
53.84,0.03407427247244821,-0.26019928065879994,0.03437774989323296,-0.24636519268102086
53.85,0.03408243532437675,-0.2608079727585172,0.03479582766299403,-0.2494626718919106
53.86,0.03406451132822889,-0.26118601661978535,0.035188929191479465,-0.2524352853797203
53.870000000000005,0.03402046557787098,-0.2613337115667716,0.03555675856677424,-0.2552827220952895
53.88,0.033950286206892825,-0.2612516747099637,0.03589903239678512,-0.25800466477291517
53.89,0.033853984321469105,-0.26094086455606985,0.03621547984132382,-0.2606007859293023
53.9,0.03373159390009964,-0.2604025616353617,0.03650584264515416,-0.2630707472500508
53.910000000000004,0.033583171660704056,-0.25963836903702786,0.03676987517217807,-0.2654141974716023
53.92,0.03340879689577437,-0.2586502014594839,0.03700734444091241,-0.2676307711915333
53.93,0.03320857127631921,-0.25744027854766727,0.037218030161403216,-0.26972008737555053
53.94,0.03298261862547022,-0.25601111470415533,0.03740172477371037,-0.27168174816383334
53.95,0.03273108466268305,-0.25436550936677915,0.03755823348808813,-0.2735153376618799
53.96,0.03245413671957028,-0.25250653584419624,0.03768737432697718,-0.27522042086106874
53.97,0.03215196342846562,-0.25043752975938427,0.037788978168916874,-0.2767965426044994
53.980000000000004,0.03182477438611122,-0.24816203742301376,0.037862888798299535,-0.2782431028456893
53.99,0.03147279983770854,-0.24568244012317864,0.03790896309980505,-0.27955505851121354
54.0,0.031096290503613577,-0.2429982270729465,0.03792707177889473,-0.2807175235790168
54.01,0.03069551763160309,-0.24010695247049038,0.037917100865311776,-0.28170883459976614
54.02,0.030270773228071618,-0.23700532077341968,0.037878953847941085,-0.2825040151592537
54.03,0.029822370380471912,-0.23368967790434692,0.03781255416033798,-0.2830763653259326
54.04,0.029350643604732243,-0.2301566776708066,0.03771784780388553,-0.2833996038167002
54.050000000000004,0.028855949148415973,-0.22640414435289224,0.03759480588603399,-0.283450633839989
54.06,0.028338665129504004,-0.2224331581501485,0.03744342668976447,-0.2832161837475197
54.07,0.027799191379238204,-0.2182484299854099,0.037263736853263896,-0.28269405263112946
54.08,0.02723794901185604,-0.2138556283523097,0.0370557917263546,-0.28188471125969694
54.09,0.02665537987210272,-0.20926052772209008,0.03681967537561323,-0.28078865272653336
54.1,0.026051945948870576,-0.20446921892603084,0.0365555005129909,-0.27940710293507925
54.11,0.025428128765353837,-0.19948798110730703,0.03626340837631419,-0.2777416598980537
54.120000000000005,0.024784428746626154,-0.19432332250435974,0.03594356856011921,-0.2757944663162685
54.13,0.024121364566520816,-0.18898193642990413,0.03559617879840555,-0.2735681128694277
54.14,0.02343947247524145,-0.18347069935846488,0.03522146469958506,-0.27106567360195444
54.15,0.02273930560938766,-0.1777966477359893,0.0348196794348111,-0.26829067277419993
54.160000000000004,0.02202143328597229,-0.17196696529195993,0.034391103380665096,-0.2652470836028953
54.17,0.021286440282070076,-0.165988965036332,0.03393604371751866,-0.2619393087850954
54.18,0.02053492610171728,-0.15987007393004793,0.033454833984943616,-0.25837216798829016
54.19,0.019767504231685357,-0.15361781630682733,0.03294783359572791,-0.25455087985222064
54.2,0.018984801387738677,-0.1472397980814449,0.03241542731016157,-0.25048104488058553
54.21,0.018187456752981803,-0.14074369079606094,0.03185802467238639,-0.24616862619261098
54.22,0.017376121209871184,-0.13413721604738663,0.03127605941070677,-0.2416199298175442
54.230000000000004,0.0165514565674603,-0.12742813008814524,0.030669988803856824,-0.23684158386473733
54.24,0.015714134785404007,-0.120624208768731,0.030040293015304177,-0.23184051708238754
54.25,0.014864837196230557,-0.11373323279543043,0.029387474397743092,-0.2266239367310546
54.26,0.014004253727350733,-0.10676297337321708,0.028712056769989964,-0.2211993059933869
54.27,0.013133082124230162,-0.09972117825179758,0.028014584668543827,-0.2155743209940119
54.28,0.012252027176121786,-0.09261555821465689,0.027295622576108555,-0.20975688757603683
54.29,0.011361799945698399,-0.0854537740364199,0.02655575412939908,-0.20375509794159774
54.300000000000004,0.010463117003884376,-0.0782434239372294,0.025795581308565196,-0.1975772072793452
54.31,0.009556699671138872,-0.07099203155696107,0.025015723610566178,-0.19123161048867887
54.32,0.008643273266378369,-0.06370703447100373,0.02421681720882034,-0.18472681911056338
54.33,0.007723566364685479,-0.05639577326562989,0.02339951410143013,-0.17807143856721425
54.34,0.006798310064887652,-0.0490654811886973,0.022564481250252528,-0.1712741458082184
54.35,0.005868237268032511,-0.04172327438841264,0.021712399713042937,-0.16434366745373286
54.36,0.004934081967725085,-0.034376142750266486,0.02084396377085028,-0.15728875851886834
54.370000000000005,0.003996578553240972,-0.02703094133963789,0.019959880052781622,-0.15011818179611433
54.38,0.0030564611262554504,-0.01969438245482637,0.01906086666018914,-0.1428406879653239
54.39,0.0021144628319821955,-0.01237302829303906,0.018147652292258242,-0.13546499649313756
54.4,0.0011713152054390167,-0.005073284229100479,0.01722097537489679,-0.1279997773761073
54.410000000000004,0.00022774753351033933,0.0021986072952760796,0.016281583194740133,-0.12045363377405513
54.42,-0.000715513766597271,0.009436572276425598,0.015330231039998206,-0.11283508557256765
54.43,-0.0016577457519588842,0.016634710054382877,0.014367681349776732,-0.10515255390600797
54.44,-0.0025982295411161845,0.023787297628182713,0.013394702873409306,-0.09741434666509245
54.45,-0.003536250883421144,0.03088879339119087,0.012412069841238714,-0.08962864500600973
54.46,-0.004471100710169938,0.037933840299006906,0.011420561148184549,-0.08180349087124708
54.47,-0.0054020756672248284,0.0449172684839268,0.010420959551335129,-0.07394677552584197
54.480000000000004,-0.006328478628861586,0.051834097331421254,0.009414050882697691,-0.06606622910672696
54.49,-0.0072496191926550956,0.058679537035662685,0.008400623278142894,-0.05816941117710663
54.5,-0.008164814155244234,0.06544898965205892,0.007381466423476338,-0.050263702272384955
54.51,-0.009073387968886083,0.07213804966326268,0.006357370818473341,-0.04235629641624995
54.52,-0.009974673178752839,0.07874250392413075,0.005329127059615733,-0.034454194575945965
54.53,-0.010868010841078591,0.08525832797239581,0.004297525142158983,-0.026564199565487348
54.54,-0.011752750922359244,0.09168168536074142,0.003263353782041462,-0.018692911824029473
54.550000000000004,-0.012628252679929045,0.09800892091742774,0.002227399758012967,-0.010846727233276484
54.56,-0.013493885024524166,0.10423655216076622,0.0011904472742068205,-0.003031836045530326
54.57,-0.01434902686620379,0.11036124337754721,0.00015327734310573496,0.00474577234655202
54.58,-0.015193067447033984,0.11637974207726029,-0.0008833328118234329,0.012480292909197218
54.59,-0.016025406669827057,0.1222886963010255,-0.001918610336355467,0.02016605247294199
54.6,-0.01684545544450901,0.1280842877819333,-0.0029517873147550866,0.02779740483602949
54.61,-0.01765263604137921,0.13376328174595747,-0.003982101324090299,0.03536906076374169
54.620000000000005,-0.0184463823972829,0.13932332992649973,-0.00500879595703916,0.04287616397465374
54.63,-0.019226140359841857,0.14476229782027905,-0.006031121309541457,0.05031407596465135
54.64,-0.01999136790376098,0.15007804693365828,-0.007048334446659493,0.057678238474447745
54.65,-0.02074153534004595,0.1552685380057503,-0.008059699856609431,0.06496420873126536
54.660000000000004,-0.02147612551155975,0.16033201736095076,-0.009064489889801608,0.07216779359828403
54.67,-0.02219463396480796,0.16526698089446062,-0.010061985175715488,0.07928504469876739
54.68,-0.022896569097454356,0.17007212928893298,-0.011051475016384918,0.08631221994242434
54.69,-0.02358145228367823,0.17474639487976984,-0.012032257756673869,0.09324584228924446
54.7,-0.02424881797899882,0.17928887490295503,-0.013003641131863522,0.10008261348495794
54.71,-0.024898213806414774,0.18369886157842957,-0.013964942593562957,0.10681948162170651
54.72,-0.025529200625131015,0.18797579563230732,-0.014915489615013156,0.11345355359568282
54.730000000000004,-0.02614135258301648,0.19211928455751687,-0.015854619976407774,0.1199821717066002
54.74,-0.02673425715350418,0.19612908026491976,-0.016781682030160838,0.1264028493783446
54.75,-0.02730751515842897,0.20000505481022463,-0.017696034948552417,0.13271324620385594
54.76,-0.027860740777652663,0.20374722628719383,-0.018597048953402997,0.13891126029311335
54.77,-0.02839356154587378,0.20735571995289118,-0.0194841055270667,0.14499491951817634
54.78,-0.02890561833832855,0.21083075862049902,-0.020356597608625716,0.15096237062195006
54.79,-0.02939656534635795,0.21417267194047518,-0.0212139297754379,0.1568119612227094
54.800000000000004,-0.02986607004306273,0.21738188001613482,-0.02205551840758666,0.16254219508298892
54.81,-0.030313813140217007,0.22045887565141736,-0.0228807918375881,0.16815167492946373
54.82,-0.030739488537860852,0.22340421779251418,-0.02368919048887776,0.17363910833763152
54.83,-0.031142803267328146,0.2262185290517328,-0.02448016700227546,0.1790033608442665
54.84,-0.031523477428288524,0.228902484617281,-0.02525318634867604,0.1842434240822578
54.85,-0.03188124412076453,0.2314568002241143,-0.026007725929429477,0.18935838539490385
54.86,-0.032215849373183635,0.23388222443705686,-0.026743275666882733,0.1943474167063047
54.870000000000005,-0.032527052067393133,0.23617952901388184,-0.027459338086671725,0.19920976022352085
54.88,-0.03281462386146562,0.23834950248554643,-0.028155428391314095,0.2039447729937524
54.89,-0.03307834911104474,0.24039294173712356,-0.02883107452406819,0.20855189839465776
54.9,-0.03331802479003087,0.2423106433023668,-0.02948581722427861,0.21303064376229014
54.910000000000004,-0.03353346042505906,0.2441029548037132,-0.030119210074729973,0.21738061745710177
54.92,-0.03372447827661643,0.24576295359994,-0.030730819523608725,0.22160204769665612
54.93,-0.03389091421027411,0.24727327847913072,-0.031320224847261005,0.2256960242951069
54.94,-0.034032619312564724,0.24861379741956285,-0.03188701805029348,0.22966389177322868
54.95,-0.03414946178865263,0.24976636525559456,-0.03243080373999808,0.23350686731387071
54.96,-0.03424132868560493,0.2507170861656267,-0.032951199011656204,0.23722585591386125
54.97,-0.034308127120871605,0.2514600292706072,-0.03344783337048664,0.24082115593038653
54.980000000000004,-0.034349784850827604,0.2519951846572589,-0.03392034870354103,0.24429261764360427
54.99,-0.034366250360693094,0.25232347967028407,-0.034368399287564966,0.24764003116395605
55.0,-0.0343574927885286,0.2524459297670172,-0.034791651808598695,0.25086318916786765
55.01,-0.03432350181560091,0.25236390075350285,-0.03518978538332353,0.2539618620068118
55.02,-0.03426428753119726,0.2520789710976775,-0.03556249158194801,0.25693580403282346
55.03,-0.03417988027161572,0.2515929929383789,-0.03590947445308789,0.25978474472515317
55.04,-0.03407033043426334,0.250908052418082,-0.036230450550978115,0.2625083878746921
55.050000000000004,-0.03393570826731852,0.25002647905759645,-0.03652514896536855,0.2651064071916926
55.06,-0.033776103635786314,0.24895082934190813,-0.03679331135440287,0.26757844415178295
55.07,-0.03359162576470698,0.24768388197556138,-0.03703469198076188,0.2699241051662103
55.08,-0.033382402960441745,0.24622862613092877,-0.037249057751317,0.2721429595260422
55.09,-0.033148582310993276,0.2445882520886089,-0.03743618826051343,0.2742345373861715
55.1,-0.03289032936640437,0.24276613964166036,-0.03759587583767473,0.2761983281454876
55.11,-0.03260782780034784,0.2407658466562022,-0.0377279255983911,0.278033779032972
55.120000000000005,-0.03230127905407779,0.238591096679037,-0.037832155500129264,0.27974029398143635
55.13,-0.031970901965188744,0.2362457266247649,-0.03790839640603598,0.28131710764194345
55.14,-0.03161693243127682,0.23373215529344576,-0.037956492311188784,0.2827584898804097
55.15,-0.031239623248926467,0.23104931691439556,-0.037976301170818336,0.284047258664315
55.160000000000004,-0.030839244227814,0.22819371402675687,-0.037967696641601455,0.2851581489526046
55.17,-0.030416082527926283,0.2251607404362883,-0.03793057056714488,0.28606204588890316
55.18,-0.029970443114450695,0.2219453078437221,-0.03786483586918182,0.28672802218979376
55.19,-0.029502649247056673,0.21854269534399318,-0.03777042957566359,0.287126078733109
55.2,-0.02901304290488735,0.21494998628579767,-0.03764731566863421,0.2872317301971824
